yfb
3
false
0
33233.1235962917
33233.940318625
22.1424999237061
4.0
33234.357195125
33234.8073463333
5.06500053405762
4.0
33235.07367025
33235.2903667083
2.09500026702881
4.0
fie
3
false
1
33237.207388375
33237.9072578333
6.05500030517578
4.0
33238.3412410417
33239.1076442917
6.22000026702881
4.0
33239.5407115833
33239.9242105
5.23000049591064
4.0
sde
3
false
2
33241.4910184583
33242.6575591667
20.3274993896484
4.0
33243.2243682917
33243.6746479583
4.07499980926514
4.0
33244.0076284583
33244.2909384167
4.32250022888184
4.0
gzu
3
false
3
33246.1080207083
33247.2415654583
8.03500080108643
4.0
33247.5409670833
33248.8582269583
23.0500011444092
4.0
33249.1747082083
33250.4748198333
21.2350006103516
4.0
jqw
3
false
4
33251.7748814583
33252.7247067917
10.0150003433228
4.0
33253.6248369167
33254.2749687917
16.1199989318848
4.0
33254.5749062917
33255.49201075
19.0075016021729
4.0
cii
4
false
5
33257.45895475
33257.9920178333
8.11750030517578
4.0
33259.8588242917
33260.2919764167
1.10500001907349
4.0
33260.6588494583
33261.192159
7.21000003814697
4.0
33261.4756109167
33261.8423596667
8.19999980926514
4.0
erj
3
false
6
33263.358916375
33264.0925060833
4.07499980926514
4.0
33264.8424810833
33266.0261472083
18.1000003814697
4.0
33266.3925115
33266.9593464583
9.19000053405762
4.0
xvz
3
false
7
33268.5426453333
33269.8760402917
22.0599994659424
4.0
33270.309324875
33271.2596577917
20.1625003814697
4.0
33271.5761184583
33273.0097313333
23.7924995422363
4.0
xtn
3
false
8
33274.8095914167
33276.5598086667
22.0599994659424
4.0
33276.926516625
33277.6933502917
18.2649993896484
4.0
33278.0098795
33278.5601835833
15.0475006103516
4.0
ndp
3
false
9
33279.9434709583
33281.7103999583
12.0774993896484
4.0
33282.0767905
33282.510372125
5.06500053405762
4.0
33282.8935197917
33284.2938659167
15.0475006103516
4.0
amm
3
false
10
33285.8606290417
33286.1607202917
1.1875
4.0
33286.8602673333
33287.660445875
11.0050010681152
4.0
33288.0273765833
33288.5938915417
12.1599998474121
4.0
rpc
3
false
11
33291.0108784167
33291.9773799167
16.0375003814697
4.0
33292.6775122083
33293.694309125
15.2950000762939
4.0
33294.0612659583
33294.3445065833
4.07499980926514
4.0
eac
3
false
12
33296.4779082083
33297.7449173333
5.06500053405762
4.0
33298.1114105417
33298.328015625
-0.957499980926514
4.0
33298.72781475
33298.9946619167
2.01250028610229
4.0
nnq
3
false
13
33300.1449821667
33301.1948631667
11.2525005340576
4.0
33301.6113877917
33302.294872375
13.1499996185303
4.0
33302.6951830417
33303.3452472917
16.2024993896484
4.0
kad
3
false
14
33304.8950873333
33305.5619682917
11.0050010681152
4.0
33305.995119125
33306.2286117083
-0.875
4.0
33306.5785969583
33306.8453562917
2.09500026702881
4.0
cwe
3
false
15
33308.2621500417
33308.59552775
2.01250028610229
4.0
33308.9953278333
33309.945173
21.3175010681152
4.0
33310.3453814167
33310.7457195
5.3125
4.0
zvl
3
false
16
33312.31229175
33313.7456836667
22.1424999237061
4.0
33314.1622183333
33314.8122980417
21.1525001525879
4.0
33315.2125557083
33315.7959825833
11.1700000762939
4.0
jhy
3
false
17
33317.529312
33318.0960066667
11.0874996185303
4.0
33319.2794122917
33319.8125803333
8.11750030517578
4.0
33320.1626997083
33321.2127594167
22.3899993896484
4.0
lmn
3
false
18
33322.929843625
33323.4972639583
9.27250003814697
4.0
33323.8628420833
33324.4134537917
13.0675010681152
4.0
33324.7628837917
33325.179654
12.1599998474121
4.0
ujf
3
false
19
33326.5464135
33327.2964630833
19.0075016021729
4.0
33327.6965017917
33328.2132665
10.0150003433228
4.0
33328.546769125
33328.7967396667
4.48750019073486
4.0
ilt
3
false
20
33330.0466920833
33330.6800742083
7.12750053405762
4.0
33331.1800530417
33331.963428625
12.2424983978271
4.0
33332.263339625
33333.2636272083
19.0075016021729
4.0
fmf
3
false
21
33334.463606375
33335.3305410417
8.03500080108643
4.0
33335.6970441667
33336.2970751667
11.1700000762939
4.0
33336.6306132083
33336.9137664167
3.00250053405762
4.0
nhx
3
false
22
33338.5804769167
33339.6306944167
13.1499996185303
4.0
33340.147326
33340.9806762917
8.11750030517578
4.0
33341.28062675
33342.2477395833
23.0500011444092
4.0
okp
8
false
23
33343.880948625
33345.180893
14.0574989318848
4.0
33345.4811867083
33345.93124475
12.3249988555908
4.0
33346.3812830833
33346.681019375
-1.70000004768372
4.0
33346.7477559583
33347.3813321667
17.1100006103516
4.0
33347.6836277083
33347.7797235
-5.0
4.0
33349.1145879583
33350.6979840833
13.1499996185303
4.0
33351.1147227917
33351.6982768333
11.0050010681152
4.0
33352.031451625
33352.5150214583
15.0475006103516
4.0
gir
8
false
24
33354.314815625
33354.7149857917
7.29250049591064
4.0
33355.5484338333
33356.081572375
9.19000053405762
4.0
33357.0820532917
33357.898475875
21.3999996185303
4.0
33359.1327815833
33359.7989462083
8.03500080108643
4.0
33360.1654168333
33362.1822945833
19.3374996185303
4.0
33362.81552475
33363.29871075
6.38500022888184
4.0
33363.6324342917
33364.0158977917
8.36499977111816
4.0
33364.4158224583
33364.965662
16.1199989318848
4.0
wqb
3
false
25
33366.5824339583
33367.432154625
21.0700016021729
4.0
33368.1825174583
33369.2328251667
15.1300010681152
4.0
33369.649311375
33369.882728875
3.25
4.0
byj
6
false
26
33371.9993770833
33372.332901375
9.02500057220459
4.0
33374.0329821667
33374.216324125
0.0325002670288086
4.0
33374.9166029167
33375.5997725417
6.30249977111816
4.0
33376.6664588333
33377.266708875
4.32250022888184
4.0
33377.6165389167
33378.3832209167
22.0599994659424
4.0
33378.7334347917
33379.1668707917
8.28250026702881
4.0
csb
3
false
27
33380.71662325
33381.0168897917
3.25
4.0
33381.450162
33382.2168366667
18.2649993896484
4.0
33382.5500937083
33383.050325375
4.07499980926514
4.0
qyw
3
false
28
33385.7338328333
33386.4003929167
17.1100006103516
4.0
33386.8006014167
33387.517089375
23.2975006103516
4.0
33387.8172250833
33388.4004559583
24.1224994659424
4.0
nwu
3
false
29
33390.1339800417
33391.3007330833
13.2325000762939
4.0
33391.8840183333
33393.2010315
25.1125011444092
4.0
33393.5672002083
33394.1011262917
23.4624996185303
4.0
lji
3
false
30
33395.46757025
33396.1513164583
11.2525005340576
4.0
33396.5011446667
33396.9846368333
9.10750007629395
4.0
33397.2676895833
33397.63469275
11.0050010681152
4.0
vyq
3
false
31
33399.0845542083
33400.4351291667
22.1424999237061
4.0
33400.768015
33401.8846639583
24.0399990081787
4.0
33402.26834675
33402.8349309583
16.2849998474121
4.0
jig
3
false
32
33404.5183065833
33405.035109
12.2424983978271
4.0
33405.45178825
33405.9016257917
5.23000049591064
4.0
33406.334845
33406.6521265833
8.19999980926514
4.0
vtx
3
false
33
33409.08532075
33410.1352204583
19.0075016021729
4.0
33410.485484
33411.4520247917
17.1100006103516
4.0
33411.651991625
33412.3358834583
24.3699989318848
4.0
gdz
3
false
34
33414.1689722083
33414.9523790833
6.30249977111816
4.0
33415.6356100833
33415.985851125
3.00250053405762
4.0
33416.2856284167
33417.1022790833
22.0599994659424
4.0
bop
4
false
35
33418.9693893333
33419.68586625
5.14750003814697
4.0
33420.736179875
33421.052942875
2.01250028610229
4.0
33421.4859888333
33422.3031614583
13.2325000762939
4.0
33422.6861450417
33423.28644075
12.0774993896484
4.0
fck
3
false
36
33424.7529708333
33425.4864615833
4.23999977111816
4.0
33425.986451375
33426.3533209167
3.25
4.0
33426.703312375
33427.1533200417
11.1700000762939
4.0
lns
3
false
37
33428.703188125
33429.420051
11.4174995422363
4.0
33429.786418125
33430.220091875
11.3350009918213
4.0
33430.820294375
33431.3533290833
17.1100006103516
4.0
rtu
3
false
38
33432.8866934583
33434.03685025
19.4200000762939
4.0
33434.42054575
33435.353810125
18.1000003814697
4.0
33435.653568375
33436.1537273333
20.2449989318848
4.0
nue
3
false
39
33447.1713225417
33447.7709385833
16.0375003814697
4.0
33448.187944375
33449.02155525
18.2649993896484
4.0
33449.5380590833
33449.871439625
7.29250049591064
4.0
bkl
3
false
40
33451.62143625
33452.2549746667
0.0325002670288086
4.0
33452.738143125
33453.471439125
12.0774993896484
4.0
33453.8049076667
33454.1549509167
8.11750030517578
4.0
ase
3
false
41
33455.72180375
33455.9551009167
1.35249996185303
4.0
33456.5384180833
33457.3715905833
18.1000003814697
4.0
33457.7385181667
33458.0218701667
5.23000049591064
4.0
ltt
3
false
42
33459.4885689583
33460.20546475
11.0050010681152
4.0
33460.5887333333
33461.188852125
18.1824989318848
4.0
33461.505200625
33462.0888983333
16.0375003814697
4.0
rhp
3
false
43
33463.4054944583
33465.4225338333
17.2749996185303
4.0
33465.905458
33466.8056499167
7.12750053405762
4.0
33467.2059291667
33468.1559475833
14.1399993896484
4.0
qvb
3
false
44
33469.6558694167
33470.3892253333
15.2950000762939
4.0
33470.73929675
33471.4729886667
20.0799999237061
4.0
33471.9727952083
33472.372435375
4.07499980926514
4.0
cfs
3
false
45
33473.9562844583
33474.3227826667
1.10500001907349
4.0
33474.722899625
33475.1227730833
4.07499980926514
4.0
33475.5231380417
33476.2732569583
16.0375003814697
4.0
wyg
3
false
46
33478.206412
33479.006368125
20.1625003814697
4.0
33479.4065823333
33480.140172
25.0300006866455
4.0
33480.806604625
33481.5402428333
5.06500053405762
4.0
omg
3
false
47
33482.9399740417
33484.1565825833
14.0574989318848
4.0
33484.5070261667
33485.0736334583
12.0774993896484
4.0
33485.457158875
33485.7737319583
7.04500007629395
4.0
hhk
3
false
48
33487.407201625
33488.0573204167
4.15750026702881
4.0
33488.50716575
33489.0237467083
6.22000026702881
4.0
33489.3739518333
33489.7572618333
8.44750022888184
4.0
bzw
3
false
49
33490.9406506667
33491.5075493333
4.07499980926514
4.0
33491.9573512917
33492.9239982083
26.1849994659424
4.0
33493.3073762917
33494.0741154583
20.0799999237061
4.0
wux
3
false
50
33495.2577539583
33495.9241892917
21.2350006103516
4.0
33496.3077937083
33497.1240572917
19.0900001525879
4.0
33497.4576285
33498.591379
27.1749992370605
4.0
csg
10
false
51
33500.30798625
33500.6915317917
4.40499973297119
4.0
33501.1080944167
33502.2579754167
17.3575000762939
4.0
33502.6415321667
33503.307949625
-2.77249979972839
4.0
33503.5247326667
33503.9415682083
8.11750030517578
4.0
33504.9752977917
33506.091623625
9.02500057220459
4.0
33506.6249368333
33506.8917870833
4.32250022888184
4.0
33508.2093953333
33508.3235395
-5.0
4.0
33509.2252997083
33509.6253098333
0.115000247955322
4.0
33510.4086765833
33511.8253617917
19.0075016021729
4.0
33512.1586034583
33512.4754404167
6.13749980926514
4.0
gdp
3
false
52
33513.7420910833
33515.1921330833
9.02500057220459
4.0
33515.792516
33516.1590593333
4.23999977111816
4.0
33516.4755820833
33517.292260875
12.1599998474121
4.0
vqh
3
false
53
33518.5590272917
33519.5925717917
18.0174999237061
4.0
33520.10945025
33521.242295875
15.2950000762939
4.0
33521.5258895
33521.8428605
9.02500057220459
4.0
fzh
3
false
54
33523.1427219167
33523.709555625
8.11750030517578
4.0
33524.07621425
33524.9764214583
26.1024990081787
4.0
33525.6594966667
33526.1763635
10.0975008010864
4.0
oti
3
false
55
33527.40962025
33529.2100760833
16.1199989318848
4.0
33529.5430824583
33530.25993875
18.1000003814697
4.0
33530.62672525
33530.9268108333
8.61250019073486
4.0
aps
3
false
56
33532.3269589583
33532.56017775
0.197499752044678
4.0
33533.0768867917
33534.460360375
16.1199989318848
4.0
33534.8934911667
33535.943671375
19.1725006103516
4.0
sdd
3
false
57
33537.5104082917
33539.3603656667
18.1000003814697
4.0
33539.8104120417
33540.243945625
5.06500053405762
4.0
33540.4937440833
33540.6606333333
2.09500026702881
4.0
vxe
3
false
58
33542.0773739167
33542.9773428333
20.0799999237061
4.0
33543.1274140417
33544.344872875
23.0500011444092
4.0
33544.727434875
33545.211184
10.0150003433228
4.0
jax
3
false
59
33547.3106810417
33548.061401
10.0150003433228
4.0
33548.8445935417
33549.0446862083
2.01250028610229
4.0
33549.36123525
33550.7278724583
21.2350006103516
4.0
jrp
3
false
60
33552.89463175
33553.3947910417
11.0050010681152
4.0
33553.91140525
33554.9782015833
16.2849998474121
4.0
33555.29471475
33555.7284549167
13.3150005340576
4.0
xar
3
false
61
33556.8615512917
33557.7452216667
21.0700016021729
4.0
33558.0783724583
33558.328556
3.49749946594238
4.0
33558.76172025
33560.3784435417
17.0275001525879
4.0
udz
3
false
62
33562.4120612917
33563.0787044583
21.3175010681152
4.0
33563.6454265
33564.1122465417
7.04500007629395
4.0
33564.395503625
33565.0274392917
25.1125011444092
4.0
uth
3
false
63
33566.412368625
33567.0954875417
20.3274993896484
4.0
33567.2954753333
33567.8456301667
23.1325016021729
4.0
33568.5290521667
33568.87918875
7.04500007629395
4.0
zbq
3
false
64
33570.1458195417
33570.9291889167
22.3074989318848
4.0
33571.346053625
33572.0795102083
6.05500030517578
4.0
33572.4293320417
33573.0963190833
20.0799999237061
4.0
rkl
3
false
65
33574.81306975
33576.2464728333
16.0375003814697
4.0
33576.5628472917
33577.0297134167
10.1800003051758
4.0
33577.2462486667
33577.596571
10.3450002670288
4.0
ody
3
false
66
33579.179939875
33580.61336525
14.1399993896484
4.0
33581.0632164583
33581.4300604167
6.30249977111816
4.0
33581.6465858333
33582.4785185417
21.0700016021729
4.0
mcu
4
false
67
33584.596916
33585.079989625
11.0050010681152
4.0
33586.2301599167
33586.7803633333
13.0675010681152
4.0
33587.2635192917
33587.4637999583
2.6725001335144
4.0
33587.6969837917
33588.4302868333
17.1100006103516
4.0
ayo
3
false
68
33589.830391125
33590.0970816667
3.25
4.0
33590.3970775
33591.3305904583
21.2350006103516
4.0
33591.6139352083
33592.0806407917
15.2950000762939
4.0
hyk
3
false
69
33593.6639495417
33594.84755525
8.03500080108643
4.0
33595.2307602917
33596.181023
22.0599994659424
4.0
33596.4641385
33596.8311834167
13.3150005340576
4.0
pem
3
false
70
33599.03115975
33599.7813184583
15.0475006103516
4.0
33600.314471
33600.7813927917
3.08500003814697
4.0
33601.064309625
33601.5977496667
11.0874996185303
4.0
vwg
3
false
71
33602.947912
33603.9646565
18.0174999237061
4.0
33604.3315614583
33604.981724375
21.0700016021729
4.0
33605.581599
33606.481868375
6.05500030517578
4.0
loa
3
false
72
33607.4482855
33608.19828425
10.0150003433228
4.0
33608.564922375
33608.9816497083
14.1399993896484
4.0
33609.2650330417
33609.4317423333
3.00250053405762
4.0
kfs
3
false
73
33610.88205725
33611.5653289583
8.19999980926514
4.0
33611.982004625
33612.41521
3.33249950408936
4.0
33612.6985495833
33614.115254
19.0900001525879
4.0
vio
3
false
74
33615.4989069167
33617.9324157083
20.3274993896484
4.0
33618.3654127083
33618.8987712083
7.12750053405762
4.0
33619.1155582917
33621.199323875
19.0900001525879
4.0
zko
3
false
75
33623.0327947917
33624.2160130417
24.1224994659424
4.0
33624.5326718333
33624.8828388333
8.19999980926514
4.0
33625.099420875
33625.5994260833
15.0475006103516
4.0
trq
3
false
76
33627.199623875
33628.716261375
19.0075016021729
4.0
33629.2163486667
33630.749989625
15.1300010681152
4.0
33631.0996469167
33632.1164594167
18.6774997711182
4.0
mxm
3
false
77
33634.0333066667
33635.266880875
11.0050010681152
4.0
33635.41660525
33636.41695675
21.0700016021729
4.0
33636.716736875
33637.1502942917
13.1499996185303
4.0
beg
8
false
0
33753.324275125
33753.891400625
4.07499980926514
3.0
33754.4246175417
33756.4578302917
11.0050010681152
3.0
33757.674869875
33758.02472075
2.25999975204468
3.0
33758.3582205417
33758.7247177917
5.23000049591064
3.0
33758.9746865
33760.4082803333
11.0050010681152
3.0
33761.8916705833
33762.1251569167
0.0325002670288086
3.0
33762.4416807083
33762.708319875
5.06500053405762
3.0
33763.0080728333
33763.2084341667
4.23999977111816
3.0
dyi
4
false
1
33765.7086485417
33766.375495875
7.12750053405762
3.0
33767.642117875
33768.2752767083
2.09500026702881
3.0
33768.5587122083
33769.3422044583
25.0300006866455
3.0
33769.592315375
33770.1920998333
7.375
3.0
pox
3
false
2
33771.6255577917
33772.4423062917
18.4299983978271
3.0
33772.7591130417
33773.45896975
13.3150005340576
3.0
33773.6923214583
33774.492738125
21.0700016021729
3.0
bbc
3
false
3
33776.459301875
33776.9928780417
3.16750049591064
3.0
33777.2926320417
33777.5261160417
2.01250028610229
3.0
33777.6927703333
33777.9259549167
0.362499713897705
3.0
dch
3
false
4
33779.3428504167
33779.7096973333
1.02250003814697
3.0
33780.509699625
33780.7428808333
3.16750049591064
3.0
33781.2929507917
33781.60953175
8.28250026702881
3.0
xbu
3
false
5
33782.8597691667
33783.6430897917
24.0399990081787
3.0
33784.259589375
33784.5266391667
3.00250053405762
3.0
33784.826359125
33785.593372875
19.0075016021729
3.0
uvx
8
false
6
33787.143491375
33787.79352
21.2350006103516
3.0
33788.0432159583
33788.42690925
17.1100006103516
3.0
33788.6264780833
33788.8433610417
-2.69000005722046
3.0
33789.943543375
33790.5434273333
25.1125011444092
3.0
33790.8768762083
33791.2101965833
3.00250053405762
3.0
33791.9769154167
33792.9935520417
18.1000003814697
3.0
33793.37697675
33793.9603272083
20.0799999237061
3.0
33794.31030725
33794.77694275
25.5249996185303
3.0
dfv
3
false
7
33796.377176625
33796.8774415417
3.00250053405762
3.0
33797.243946
33798.22734525
6.05500030517578
3.0
33798.6102707083
33799.6941061667
21.4825000762939
3.0
lch
3
false
8
33801.1607924583
33801.7108918333
11.1700000762939
3.0
33802.0776945417
33802.360848125
0.362499713897705
3.0
33802.8289005833
33803.1778944583
6.05500030517578
3.0
nof
3
false
9
33804.67791125
33805.4278977083
14.3049983978271
3.0
33805.8114339583
33806.7281535833
18.5949993133545
3.0
33807.161377125
33807.5445182917
5.3125
3.0
ikv
3
false
10
33808.9948899167
33809.578271
8.11750030517578
3.0
33809.9282074167
33810.27827275
11.2525005340576
3.0
33810.628019125
33811.3622240417
20.4924983978271
3.0
aay
6
false
11
33812.6284789167
33812.8448349167
1.10500001907349
3.0
33813.1949392917
33813.494959
2.17750024795532
3.0
33813.91166375
33814.6280230417
27.4225006103516
3.0
33816.5952582083
33816.8952818333
0.279999732971191
3.0
33817.2120652083
33817.3951715
1.1875
3.0
33817.7954355833
33818.7621705417
23.0500011444092
3.0
wfn
6
false
12
33820.3622858333
33821.328832875
22.2250003814697
3.0
33821.6957010833
33823.7125064167
12.0774993896484
3.0
33824.6457831667
33825.06285675
32.6700019836426
1.0
33825.92899525
33826.8791827083
21.0700016021729
3.0
33827.2125047917
33827.579060625
6.38500022888184
3.0
33827.912788375
33828.8462112083
14.2224998474121
3.0
ngu
3
false
13
33830.279568625
33830.912903625
11.2525005340576
3.0
33831.3463019583
33831.6797141667
7.29250049591064
3.0
33832.0295770833
33833.4629255
20.2449989318848
3.0
qlk
3
false
14
33834.879812625
33835.7131065833
17.1100006103516
3.0
33836.1463488333
33836.8635145
11.0050010681152
3.0
33837.213314875
33837.5968200417
10.0150003433228
3.0
uda
3
false
15
33839.013484125
33839.77996
19.0900001525879
3.0
33840.2301501667
33840.6967538333
5.39499950408936
3.0
33841.0134800417
33841.2300830417
3.25
3.0
ojj
3
false
16
33842.5803065417
33844.1302325
14.1399993896484
3.0
33844.5471732083
33845.030400125
8.11750030517578
3.0
33845.3138109167
33845.613928375
10.2624998092651
3.0
ygk
11
false
17
33846.880671875
33847.8306395
23.0500011444092
3.0
33848.4974033333
33849.6973886667
11.2525005340576
3.0
33850.3144025417
33851.0146527917
25.0300006866455
3.0
33851.4141612083
33851.797688875
7.375
3.0
33852.0481428333
33852.2644305417
5.3125
3.0
33853.1311689583
33853.4975603333
3.08500003814697
3.0
33853.7143136667
33853.997710375
-2.9375
3.0
33854.7645847917
33855.7813272917
27.0100021362305
3.0
33856.6645736667
33857.431234125
23.2150001525879
3.0
33857.8313025833
33858.3481835417
8.36499977111816
3.0
33858.6812940417
33859.0316165417
11.1700000762939
3.0
ski
3
false
18
33861.8314874583
33862.5149064167
19.0900001525879
3.0
33862.8484707083
33863.281594875
10.1800003051758
3.0
33863.5648275
33863.8319846667
8.19999980926514
3.0
uyj
3
false
19
33865.181993375
33866.1151372083
19.0075016021729
3.0
33866.7316965417
33867.7317755833
24.1224994659424
3.0
33868.0486378333
33868.448586625
8.03500080108643
3.0
vnt
3
false
20
33869.7822011667
33870.548771375
22.3074989318848
3.0
33870.948792625
33871.5656922083
12.1599998474121
3.0
33871.9153916667
33872.4987973333
20.2449989318848
3.0
oow
3
false
21
33874.548975
33875.58271775
13.0675010681152
3.0
33875.9991270833
33876.51587125
13.2325000762939
3.0
33876.8656647083
33877.5325201667
22.0599994659424
3.0
ush
3
false
22
33879.065873
33879.7825135833
19.0900001525879
3.0
33880.2161297083
33880.9325321667
17.2749996185303
3.0
33881.299475
33881.966399
7.21000003814697
3.0
ktb
7
false
23
33883.1341949583
33883.8663347083
9.19000053405762
3.0
33884.2997798333
33885.1329381667
17.1100006103516
3.0
33885.53318925
33885.8661121667
2.17750024795532
3.0
33887.5498976667
33889.6834754583
13.0675010681152
3.0
33890.5668317083
33891.1668856667
12.2424983978271
3.0
33891.5668068333
33892.3668862917
17.1925010681152
3.0
33892.766941375
33893.1003785417
1.02250003814697
3.0
ghq
3
false
24
33895.5506985
33895.9839224583
6.30249977111816
3.0
33896.350562
33896.7337735833
8.36499977111816
3.0
33897.250738
33898.0674055833
14.3874988555908
3.0
ejm
4
false
25
33900.0006313333
33900.3673674167
10.0150003433228
3.0
33902.317703625
33902.7676985833
3.00250053405762
3.0
33903.134134375
33903.601052375
8.11750030517578
3.0
33903.9509988333
33904.3512661667
10.0975008010864
3.0
aey
3
false
26
33905.8514604583
33906.0845964583
2.09500026702881
3.0
33906.6343976667
33906.9179040417
3.08500003814697
3.0
33907.2844079583
33908.616628875
22.0599994659424
3.0
wkv
3
false
27
33910.6348808333
33911.351872875
24.0399990081787
3.0
33911.7180440417
33912.1348338333
10.3450002670288
3.0
33912.4182226667
33913.151565125
20.1625003814697
3.0
wny
8
false
28
33914.4683587917
33915.2350363333
22.1424999237061
3.0
33915.584971125
33917.185124375
20.0799999237061
3.0
33917.6518178333
33918.3684947083
26.0200004577637
3.0
33918.7521669167
33918.9685078333
2.25999975204468
3.0
33919.01848325
33919.6185647917
9.35500049591064
3.0
33920.402127875
33921.1525252083
21.0700016021729
3.0
33921.4853325417
33921.9688092083
12.4899997711182
3.0
33922.252106375
33922.9022249583
23.3800010681152
3.0
rcx
3
false
29
33924.6357195833
33925.5690149167
18.5124988555908
3.0
33926.11931275
33926.5027261667
2.17750024795532
3.0
33926.819218875
33927.669340625
21.0700016021729
3.0
rab
3
false
30
33928.9526745417
33930.753001875
18.1000003814697
3.0
33931.1363114583
33931.3529981667
1.10500001907349
3.0
33931.5694107917
33931.7195250417
0.197499752044678
3.0
ppc
6
false
31
33933.0694086667
33934.0362596667
14.1399993896484
3.0
33934.219558875
33934.569398875
10.2624998092651
3.0
33934.686379375
33934.8696772917
7.62249946594238
3.0
33935.903068875
33936.35308925
17.1925010681152
3.0
33936.6863789583
33937.1365825417
13.0675010681152
3.0
33937.5697779583
33937.7866961667
5.14750003814697
3.0
qlp
3
false
32
33939.8535126667
33940.3866920833
14.0574989318848
3.0
33940.7866546667
33941.636735375
9.10750007629395
3.0
33941.9534302083
33942.4534272083
14.3874988555908
3.0
pmf
3
false
33
33943.8202397083
33944.4202682083
14.1399993896484
3.0
33944.7369873333
33945.270249375
11.0050010681152
3.0
33945.8373489167
33946.170431375
6.13749980926514
3.0
bws
3
false
34
33947.570594375
33947.836858625
1.26999998092651
3.0
33948.2538794583
33948.920610875
23.2975006103516
3.0
33949.37058175
33950.5539288333
17.1925010681152
3.0
nzn
3
false
35
33952.3208593333
33952.8373907083
14.3874988555908
3.0
33953.171188125
33954.3875365417
27.1749992370605
3.0
33955.1043855417
33955.8873712917
13.2325000762939
3.0
zks
3
false
36
33957.3377411667
33958.187850875
24.2875003814697
3.0
33958.5713795833
33958.9212580417
12.3249988555908
3.0
33959.4045651667
33960.321259875
18.1000003814697
3.0
sae
3
false
37
33962.0380065417
33962.5717520417
18.0174999237061
3.0
33962.90487575
33963.0547929167
2.01250028610229
3.0
33963.3547474167
33963.5384839167
3.41499996185303
3.0
hfv
7
false
38
33964.77166725
33965.3052372083
4.07499980926514
3.0
33965.4381892083
33965.671667375
10.0150003433228
3.0
33966.47200575
33966.7885766667
10.2624998092651
3.0
33967.2386175417
33968.5885044167
9.02500057220459
3.0
33969.0716128333
33969.3886123333
7.12750053405762
3.0
33969.638832
33969.8721649167
4.40499973297119
3.0
33970.2386592083
33970.7552988333
19.0900001525879
3.0
ejk
3
false
39
33973.9887796667
33974.3223709167
3.33249950408936
3.0
33974.6890943333
33975.1724622917
9.19000053405762
3.0
33975.4388823333
33975.7725322917
10.0150003433228
3.0
jvp
3
false
40
33977.2392914583
33977.7556796667
10.1800003051758
3.0
33977.9891317917
33979.0060482083
21.0700016021729
3.0
33979.5060232083
33980.5730015
15.0475006103516
3.0
osb
6
false
41
33982.0728269167
33983.5727229583
18.1000003814697
3.0
33984.2895467083
33984.7728859167
16.0375003814697
3.0
33985.139524
33985.52282825
15.1300010681152
3.0
33986.7897121667
33987.2566553333
16.0375003814697
3.0
33987.6065190833
33988.1562710417
20.4099998474121
3.0
33988.6400227917
33988.7899969167
4.48750019073486
3.0
drg
4
false
42
33990.4399915833
33990.773506125
3.00250053405762
3.0
33991.9234460833
33992.1564987083
3.41499996185303
3.0
33992.7400887083
33994.0401805417
18.2649993896484
3.0
33994.4067983333
33994.6904080417
7.21000003814697
3.0
aui
3
false
43
33996.2070861667
33996.3903620417
3.57999992370605
3.0
33997.0737826667
33997.8738477083
20.1625003814697
3.0
33998.2070564583
33998.5741039583
8.28250026702881
3.0
ozw
5
false
44
34000.1072935417
34001.1906908333
12.3249988555908
3.0
34001.5238864583
34002.5411457083
24.1224994659424
3.0
34003.6076604167
34004.9911784583
14.0574989318848
3.0
34005.3909270417
34006.5912892083
25.1125011444092
3.0
34006.907558875
34007.7078053333
20.2449989318848
3.0
zoq
5
false
45
34009.70808225
34010.6079495417
26.0200004577637
3.0
34011.0081284583
34011.974591625
13.0675010681152
3.0
34012.824768
34013.574787625
23.1325016021729
3.0
34013.9414430417
34014.6249714583
14.3874988555908
3.0
34014.9247933333
34015.5249714167
17.1100006103516
3.0
jip
3
false
46
34017.1918809167
34017.7582944583
9.02500057220459
3.0
34018.1583959167
34018.57512975
7.04500007629395
3.0
34018.94188775
34019.658456875
14.0574989318848
3.0
erd
3
false
47
34021.741685125
34022.091972125
3.33249950408936
3.0
34022.8088155833
34023.7088061667
18.0174999237061
3.0
34024.19213775
34024.4424285417
2.09500026702881
3.0
tjc
3
false
48
34026.7257668333
34027.3421463333
21.1525001525879
3.0
34027.8259935833
34028.4257004167
10.0975008010864
3.0
34028.742344125
34028.9925305833
3.25
3.0
uvr
7
false
49
34030.642667375
34031.442669375
20.0799999237061
3.0
34031.8429306667
34032.7428315
21.2350006103516
3.0
34033.2932785
34035.6431964583
16.0375003814697
3.0
34036.743087
34037.3933409583
21.0700016021729
3.0
34038.20970975
34038.9764838333
19.0900001525879
3.0
34039.3263712917
34039.993359625
22.2250003814697
3.0
34041.2430206667
34041.8765527083
18.1824989318848
3.0
xde
3
false
50
34043.4268197083
34044.2432695
22.0599994659424
3.0
34044.8103911667
34045.1107569583
4.07499980926514
3.0
34045.3935712083
34045.57689325
3.00250053405762
3.0
gfm
5
false
51
34047.1937480417
34047.62722125
6.13749980926514
3.0
34048.2104242083
34049.8606999583
9.10750007629395
3.0
34050.544051875
34050.844106125
4.15750026702881
3.0
34051.110573125
34051.544168625
6.05500030517578
3.0
34052.093966875
34052.4772348333
10.3450002670288
3.0
hhm
3
false
52
34053.5940661667
34054.7443561667
7.04500007629395
3.0
34055.077572375
34055.6611864583
5.06500053405762
3.0
34055.994232375
34056.51095225
12.0774993896484
3.0
gtq
3
false
53
34057.977763
34058.5613573333
6.05500030517578
3.0
34059.061370875
34059.81155275
17.1925010681152
3.0
34060.2446550417
34061.111552875
16.1199989318848
3.0
unv
8
false
54
34062.3782689583
34063.3780604583
17.4400005340576
3.0
34063.47812175
34063.6447816667
5.23000049591064
3.0
34064.5779487917
34065.094786375
21.3999996185303
3.0
34065.4448385833
34065.9448208333
13.2325000762939
3.0
34066.2784288333
34066.8282560417
24.0399990081787
3.0
34067.8950670833
34068.945289125
19.2550010681152
3.0
34069.2282849583
34069.7450977917
16.1199989318848
3.0
34070.0952229583
34070.9120709167
21.1525001525879
3.0
epb
4
false
55
34072.2121141667
34074.3453601667
9.02500057220459
3.0
34075.329012625
34075.729134875
6.22000026702881
3.0
34076.1955532083
34076.7955450833
17.1925010681152
3.0
34077.2455473333
34077.4791482917
2.42499971389771
3.0
hrl
3
false
56
34079.0625209167
34079.8460660417
6.13749980926514
3.0
34080.529374
34082.2129205
18.1000003814697
3.0
34082.6460912917
34083.2129962917
12.1599998474121
3.0
rgc
5
false
57
34084.6796357917
34086.1464862917
18.1824989318848
3.0
34086.5628828333
34088.2631512083
14.0574989318848
3.0
34088.946575875
34089.546347125
16.2024993896484
3.0
34089.896566625
34090.2134090417
6.30249977111816
3.0
34090.4628702083
34090.64641175
2.50750017166138
3.0
fzx
3
false
58
34092.1467205417
34092.6798702083
5.3125
3.0
34093.0299422917
34093.980011375
24.0399990081787
3.0
34094.41342375
34096.180062625
23.1325016021729
3.0
zqr
3
false
59
34098.1137705
34098.99712425
24.2049999237061
3.0
34099.3473326667
34100.013753375
15.0475006103516
3.0
34100.3136875
34101.580456
16.0375003814697
3.0
lqm
3
false
60
34102.88070375
34103.4142762083
12.1599998474121
3.0
34103.8140282917
34104.5976404583
16.1199989318848
3.0
34104.8475464167
34105.4808586667
12.4074993133545
3.0
qmt
3
false
61
34106.7977717083
34107.530988375
14.0574989318848
3.0
34107.7812154583
34108.281059625
14.2224998474121
3.0
34108.5311258333
34109.0646575417
18.1000003814697
3.0
nly
3
false
62
34110.364637625
34110.98101775
13.3150005340576
3.0
34111.2812327917
34111.6978090417
11.0050010681152
3.0
34111.981278125
34112.714613875
23.0500011444092
3.0
cqm
3
false
63
34114.3648502083
34114.6146466667
3.00250053405762
3.0
34115.031467125
34116.1147956667
14.1399993896484
3.0
34116.5650131667
34117.214844125
12.1599998474121
3.0
fgw
6
false
64
34118.9314735417
34119.3649837083
7.04500007629395
3.0
34119.84845875
34120.1486406667
3.25
3.0
34120.2483499167
34120.4815781667
3.16750049591064
3.0
34121.4489285417
34121.832051
5.23000049591064
3.0
34122.1819882917
34122.4651952083
5.47749996185303
3.0
34122.8152994583
34124.048612
22.3074989318848
3.0
xow
3
false
65
34125.41553725
34126.5990419583
23.4624996185303
3.0
34126.93227925
34127.415788625
16.1199989318848
3.0
34127.7489920417
34128.4323310833
22.1424999237061
3.0
fty
3
false
66
34129.7825395417
34130.5992775
4.07499980926514
3.0
34130.98251175
34131.9491665833
20.0799999237061
3.0
34132.3493154167
34132.9659749167
25.1950016021729
3.0
dza
3
false
67
34134.3660812917
34134.8495899583
3.16750049591064
3.0
34135.2495434583
34135.8662405417
25.0300006866455
3.0
34136.2829997083
34136.4828130833
0.197499752044678
3.0
xlt
4
false
68
34137.7664296667
34139.0664615833
33.0
1.0
34139.9495047917
34141.0498022917
22.1424999237061
3.0
34141.3997437083
34141.7668112083
11.0050010681152
3.0
34142.083067
34142.799914
19.2550010681152
3.0
dic
6
false
69
34144.133025125
34144.516756625
3.08500003814697
3.0
34144.9502564583
34145.9499689583
12.0774993896484
3.0
34146.78352125
34147.067315125
2.42499971389771
3.0
34147.8504164167
34148.1671286667
4.40499973297119
3.0
34148.5504267917
34148.98359925
8.36499977111816
3.0
34149.3336499167
34149.600380875
1.02250003814697
3.0
jkm
6
false
70
34151.484046625
34152.000337
10.0150003433228
3.0
34152.3840503333
34152.8342
9.10750007629395
3.0
34153.1339425833
34153.4505417917
9.4375
3.0
34154.4341437917
34155.0178180833
10.2624998092651
3.0
34155.3674376667
34155.7341030417
11.0874996185303
3.0
34155.984103
34156.267421375
12.6550006866455
3.0
siw
3
false
71
34157.9012755833
34159.4342986667
18.0174999237061
3.0
34159.767800125
34160.2010903333
10.3450002670288
3.0
34160.51794125
34161.2677990417
20.1625003814697
3.0
mel
3
false
72
34162.5012517917
34163.1678867917
13.4799995422363
3.0
34163.567858125
34163.8348465417
5.06500053405762
3.0
34164.1514332917
34165.2016495417
12.0774993896484
3.0
sii
3
false
73
34166.75163425
34168.5182026667
21.0700016021729
3.0
34168.8183377917
34169.418968125
7.375
3.0
34169.685008125
34169.9351080833
7.29250049591064
3.0
htl
3
false
74
34171.435206625
34172.035370125
8.36499977111816
3.0
34172.5187299583
34173.6853515833
18.1824989318848
3.0
34174.0185985417
34174.38555775
9.10750007629395
3.0
zta
3
false
75
34175.9356930417
34176.7855552917
23.2975006103516
3.0
34177.0355868333
34177.6524964167
17.3575000762939
3.0
34177.9187764583
34178.0687904583
2.17750024795532
3.0
yxs
3
false
76
34179.3526030417
34180.319095375
24.2049999237061
3.0
34180.5854149583
34181.2857774583
23.0500011444092
3.0
34181.6691835
34182.5691922083
17.1100006103516
3.0
pzr
3
false
77
34184.2193791667
34185.2862750833
13.0675010681152
3.0
34185.452666125
34186.5863184583
27.0100021362305
3.0
34187.25309825
34189.4198817917
17.1925010681152
3.0
