kee
0
false
0
kee
13
false
0
87014.638409125
87015.8054290417
10.0150003433228
3.0
87016.4056352083
87017.0055415417
2.01250028610229
3.0
87017.5221635833
87018.1224908333
3.16750049591064
3.0
87019.7226869167
87020.2224429583
3.00250053405762
3.0
87020.97252975
87021.0560878333
33.0
1.0
87022.03911975
87023.1896129167
11.0874996185303
3.0
87024.07287175
87024.9397751667
2.01250028610229
3.0
87025.6229395
87026.423010625
4.32250022888184
3.0
87027.506421875
87028.3062309167
4.07499980926514
3.0
87029.63974875
87029.7062946667
33.0
1.0
87030.4564610833
87031.6399538333
9.02500057220459
3.0
87032.1401689583
87032.6900254167
3.16750049591064
3.0
87033.19001125
87033.7902674167
3.00250053405762
3.0
jzn
3
false
1
87036.7905644583
87037.506811125
7.04500007629395
3.0
87038.373360875
87039.7739420417
23.3800010681152
3.0
87040.5405705417
87041.60730775
11.0050010681152
3.0
fan
3
false
2
87044.3405906667
87044.9575707083
5.06500053405762
3.0
87045.7243293333
87046.140854625
0.362499713897705
3.0
87046.7074999583
87047.8411996667
12.0774993896484
3.0
zwn
3
false
3
87050.341174125
87051.7746970417
23.2150001525879
3.0
87052.3744997917
87053.7913495
21.0700016021729
3.0
87054.6747574167
87056.1583925417
12.0774993896484
3.0
txl
3
false
4
87059.6415344167
87061.041909875
17.0275001525879
3.0
87061.6919017917
87062.9584703333
21.2350006103516
3.0
87063.592249125
87064.541910125
10.0150003433228
3.0
ajy
3
false
5
87067.7757284583
87068.109056
-1.86500000953674
3.0
87069.009231
87070.2425669167
9.02500057220459
3.0
87071.0423327083
87072.4924824583
22.2250003814697
3.0
hrx
3
false
6
87080.3265355
87081.09328775
5.23000049591064
3.0
87081.7766561667
87083.0600700833
15.2124996185303
3.0
87083.7434475417
87085.9438508333
22.3074989318848
3.0
wat
3
false
7
87088.593730375
87090.326808625
20.0799999237061
3.0
87091.010427375
87091.3272730833
0.0325002670288086
3.0
87092.143973375
87093.3773996667
17.0275001525879
3.0
jzi
3
false
8
87095.6940815
87096.8275875833
8.03500080108643
3.0
87097.6611366667
87099.1441684583
24.0399990081787
3.0
87099.7444375
87100.4776009167
7.12750053405762
3.0
zrd
10
false
9
87103.36144825
87104.377826375
23.1325016021729
3.0
87105.0947794583
87106.4448963333
16.1199989318848
3.0
87107.1947798333
87108.0946675833
5.06500053405762
3.0
87109.3285150833
87109.396247
33.0
1.0
87109.3285150833
87111.52725425
27.5050010681152
3.0
87112.1287407083
87112.310488
24.3699989318848
3.0
87113.4284709583
87113.49517325
33.0
1.0
87114.7956278333
87116.5291002917
23.1325016021729
3.0
87117.4451895417
87119.26222425
16.1199989318848
3.0
87119.9959124167
87120.44582775
3.00250053405762
3.0
rsu
3
false
10
87122.812678125
87124.0124905417
15.0475006103516
3.0
87124.9127315417
87126.2459760833
16.1199989318848
3.0
87127.1128468333
87128.9963875417
19.0075016021729
3.0
smt
3
false
11
87131.5297960833
87132.6466804583
17.0275001525879
3.0
87133.413190625
87134.4635261667
10.0150003433228
3.0
87135.1800140833
87137.0969885417
18.0174999237061
3.0
gau
5
false
12
87139.897014
87140.4471398333
6.13749980926514
3.0
87141.9469392083
87141.9970951667
33.0
1.0
87142.8803270833
87143.680380875
5.06500053405762
3.0
87144.78066625
87145.0307397917
-0.957499980926514
3.0
87146.18089
87146.8306314583
18.1000003814697
3.0
bdk
3
false
13
87152.814645
87153.2312267083
-0.875
3.0
87154.2979585
87155.3147619583
2.01250028610229
3.0
87156.44825075
87157.78156225
8.19999980926514
3.0
ase
3
false
14
87160.631593875
87161.0651933333
-1.94749999046326
3.0
87162.0650668333
87163.5320124167
16.1199989318848
3.0
87164.2987012083
87165.1153908333
2.01250028610229
3.0
yao
14
false
15
87167.9323395
87169.015556125
23.0500011444092
3.0
87170.6154364167
87171.0824110833
0.0325002670288086
3.0
87172.5656672917
87173.1661153333
22.1424999237061
3.0
87174.032680875
87175.032597625
22.3074989318848
3.0
87175.5994424583
87176.3995845
1.02250003814697
3.0
87177.516258375
87178.3660824583
18.0174999237061
3.0
87179.4660385
87181.3832779167
22.1424999237061
3.0
87182.0331128333
87182.4327687917
-1.86500000953674
3.0
87182.9164617917
87184.3166487083
17.1100006103516
3.0
87185.3999634167
87185.483342
33.0
1.0
87186.416452375
87188.000129
24.0399990081787
3.0
87190.200503125
87191.7005287917
22.0599994659424
3.0
87192.450339875
87192.8836875417
-0.792500019073486
3.0
87193.3670714167
87195.100797625
12.2424983978271
3.0
xqb
3
false
16
87197.4010521667
87198.25068725
21.2350006103516
3.0
87199.0676414583
87200.267803625
15.1300010681152
3.0
87201.017800375
87201.4177293333
-0.875
3.0
ugp
3
false
17
87203.68463025
87205.234833125
18.0174999237061
3.0
87206.1348067083
87207.1014977917
5.06500053405762
3.0
87207.9849915833
87208.8683351667
13.0675010681152
3.0
yow
3
false
18
87211.3851710417
87213.4017420417
23.2150001525879
3.0
87214.15199225
87215.3031236667
14.0574989318848
3.0
87216.152168375
87218.235345875
21.0700016021729
3.0
xxs
3
false
19
87220.6524389583
87221.6193594583
22.2250003814697
3.0
87222.2524730833
87223.702330875
21.0700016021729
3.0
87224.5692555
87225.6695640417
17.0275001525879
3.0
trv
3
false
20
87228.5694679167
87229.786424
17.1100006103516
3.0
87230.5197979167
87232.6362597917
16.0375003814697
3.0
87233.2864169167
87234.42006675
19.0075016021729
3.0
whc
9
false
21
87237.20351325
87238.4369191667
21.1525001525879
3.0
87239.5869357917
87240.3866100417
6.05500030517578
3.0
87241.0371137917
87243.020277125
33.0
1.0
87244.0702020417
87244.220645375
33.0
1.0
87245.902472125
87248.1709819167
20.1625003814697
3.0
87249.420908
87250.504414
5.06500053405762
3.0
87251.9044452083
87253.35429125
20.0799999237061
3.0
87253.937676
87255.0380078333
7.12750053405762
3.0
87255.4556064167
87255.737878375
1.02250003814697
3.0
wui
3
false
22
87258.4051467083
87259.3718246667
20.1625003814697
3.0
87261.0717234583
87263.0218189583
19.2550010681152
3.0
87263.6719293333
87264.355410875
6.13749980926514
3.0
vmb
3
false
23
87266.6051802917
87267.8886048333
19.0075016021729
3.0
87268.9555297083
87269.78885525
11.0050010681152
3.0
87270.6890925
87271.3392284167
0.0325002670288086
3.0
ykm
3
false
24
87276.8228244583
87278.0728289583
23.2975006103516
3.0
87279.4563295
87281.1230900833
8.28250026702881
3.0
87281.6899345417
87282.523210625
11.0050010681152
3.0
bjp
4
false
25
87286.5729995833
87286.9398897083
-0.957499980926514
3.0
87288.3734338333
87289.2235507917
-0.957499980926514
3.0
87289.8236084583
87291.8571012917
8.11750030517578
3.0
87292.4071073333
87293.9069112917
13.0675010681152
3.0
cnn
3
false
26
87296.357260375
87296.807307125
0.115000247955322
3.0
87297.574100875
87298.4574939583
11.0874996185303
3.0
87298.90720825
87300.3910544583
13.2325000762939
3.0
tcc
3
false
27
87302.85767275
87304.0754472917
18.1000003814697
3.0
87304.7755489167
87305.4255775833
0.0325002670288086
3.0
87305.8756219583
87306.49225275
1.02250003814697
3.0
pky
5
false
28
87309.70838675
87311.8585527083
16.0375003814697
3.0
87313.2415533333
87313.291256625
32.8349990844727
1.0
87314.0582313333
87314.9916590833
14.0574989318848
3.0
87316.0753182083
87317.82552225
8.11750030517578
3.0
87318.27530525
87320.341998875
22.0599994659424
3.0
czp
3
false
29
87326.7426625417
87327.392861375
1.02250003814697
3.0
87328.0928624167
87328.892785
27.2574996948242
3.0
87330.442851
87332.1098712917
13.0675010681152
3.0
sci
3
false
30
87335.193276
87336.6265139167
16.0375003814697
3.0
87337.260049125
87337.8931444167
0.0325002670288086
3.0
87338.4267593333
87339.4436252917
7.12750053405762
3.0
wsf
3
false
31
87342.2605371667
87343.9438158333
20.0799999237061
3.0
87344.877007625
87346.3938914583
16.0375003814697
3.0
87346.894091
87347.510887375
4.23999977111816
3.0
vpb
7
false
32
87351.4444877083
87352.46103275
19.2550010681152
3.0
87353.8612129583
87355.2113430417
13.1499996185303
3.0
87355.8779180417
87356.4779518333
2.09500026702881
3.0
87358.17795625
87359.2112232083
15.0475006103516
3.0
87360.4116503333
87362.0615009167
19.0075016021729
3.0
87362.7950397083
87364.9613114167
13.0675010681152
3.0
87365.7447894583
87366.0614988333
0.362499713897705
3.0
elz
3
false
33
87368.3957760417
87369.0121838333
3.08500003814697
3.0
87369.7122797083
87371.06207725
9.02500057220459
3.0
87371.5455611667
87372.1291705417
24.1224994659424
3.0
diu
3
false
34
87375.1957737917
87375.8791148333
1.02250003814697
3.0
87376.7960094167
87377.97951275
6.05500030517578
3.0
87378.4959497083
87380.2462340417
18.6774997711182
3.0
kou
3
false
35
87385.4965755833
87386.7633710833
8.03500080108643
3.0
87387.329887125
87388.7131960417
12.0774993896484
3.0
87389.2300474583
87390.7966688333
18.1000003814697
3.0
pag
3
false
36
87394.1135570417
87394.880147375
14.1399993896484
3.0
87395.74713925
87396.0971748333
-0.875
3.0
87396.73059
87397.463426875
4.07499980926514
3.0
cvm
3
false
37
87399.7974784583
87400.4475414583
0.115000247955322
3.0
87401.3309930833
87402.88072175
19.2550010681152
3.0
87403.6477539167
87404.5642727083
10.0150003433228
3.0
ffu
3
false
38
87408.3146969167
87409.1479983333
3.00250053405762
3.0
87409.798112
87410.5479524583
3.08500003814697
3.0
87411.61492175
87414.5151870417
19.3374996185303
3.0
lca
3
false
39
87419.7155845833
87420.4986162083
11.0874996185303
3.0
87421.3486965417
87421.9155049583
1.02250003814697
3.0
87422.8155432917
87423.1490760417
-1.94749999046326
3.0
qpw
3
false
40
87425.765798375
87426.8323355
14.2224998474121
3.0
87427.4495031667
87428.9490947083
13.2325000762939
3.0
87429.5828130417
87431.099706
20.2449989318848
3.0
dym
9
false
41
87433.49957475
87434.0158235
1.26999998092651
3.0
87434.9665074167
87436.73300125
27.0925025939941
3.0
87440.4166482917
87440.5166147083
33.0
1.0
87441.5833250417
87442.66688825
1.02250003814697
3.0
87444.0336695417
87446.083995375
23.1325016021729
3.0
87446.800630625
87448.1007052083
10.1800003051758
3.0
87449.95062175
87450.5174704167
1.10500001907349
3.0
87451.2676002917
87453.034072125
22.1424999237061
3.0
87453.4842085417
87454.2011831667
12.1599998474121
3.0
hib
8
false
42
87464.451746125
87465.6018624583
5.06500053405762
3.0
87466.2519649583
87467.5517358333
6.13749980926514
3.0
87468.235215625
87469.2187229167
3.00250053405762
3.0
87469.2684488333
87469.9853318333
1.10500001907349
3.0
87470.6354839167
87470.7022455417
33.0
1.0
87471.5352134167
87472.5691351667
5.06500053405762
3.0
87473.2356632917
87474.502525875
6.05500030517578
3.0
87475.102415
87475.4692978333
0.0325002670288086
3.0
rvj
3
false
43
87484.0696535417
87485.886173625
15.1300010681152
3.0
87486.83622625
87488.3364092083
19.0900001525879
3.0
87488.8864349583
87489.6865885
8.19999980926514
3.0
scf
3
false
44
87494.103710375
87494.8370719583
16.0375003814697
3.0
87495.7703501667
87496.4870005
0.197499752044678
3.0
87497.0371527917
87497.8373053333
3.00250053405762
3.0
ezm
3
false
45
87505.6378700833
87506.204551625
2.01250028610229
3.0
87506.8213211667
87508.0379235833
23.4624996185303
3.0
87508.604585625
87509.3214464583
12.0774993896484
3.0
rgf
7
false
46
87512.1715623333
87513.5547950417
17.0275001525879
3.0
87515.2050314167
87516.1384884167
4.07499980926514
3.0
87516.9049819167
87517.6218945417
5.06500053405762
3.0
87519.1883732917
87519.255169125
33.0
1.0
87525.98875225
87526.9891842083
16.0375003814697
3.0
87527.8223826667
87528.8393387083
4.07499980926514
3.0
87529.355880625
87530.4893621667
3.00250053405762
3.0
koq
3
false
47
87533.0726464167
87533.9397152917
8.11750030517578
3.0
87534.7062634167
87535.5065305417
12.1599998474121
3.0
87536.3896679583
87537.7566034583
14.1399993896484
3.0
htj
3
false
48
87542.4068254583
87543.9070417083
5.06500053405762
3.0
87544.590335
87545.940029875
17.1925010681152
3.0
87546.4903464583
87547.256995125
8.19999980926514
3.0
oad
3
false
49
87549.574101125
87550.6572245417
12.0774993896484
3.0
87551.3740354167
87551.6905970417
-1.94749999046326
3.0
87552.3076048333
87552.95768
1.02250003814697
3.0
mpg
3
false
50
87555.0911194583
87555.807797875
10.0150003433228
3.0
87556.457766125
87558.0413705
13.0675010681152
3.0
87558.6911955
87559.5580810417
5.06500053405762
3.0
qlq
3
false
51
87561.3746815417
87562.8083145
14.0574989318848
3.0
87563.5081497917
87564.9750999167
9.02500057220459
3.0
87566.0251128333
87567.9086187917
14.0574989318848
3.0
heq
7
false
52
87570.2085680833
87570.9083237917
5.23000049591064
3.0
87571.8254405833
87572.5421762917
2.01250028610229
3.0
87573.1255404583
87574.792320375
16.2024993896484
3.0
87576.47551425
87576.5422832917
33.0
1.0
87577.7255264167
87578.9423234583
6.05500030517578
3.0
87579.90917225
87581.059435875
2.01250028610229
3.0
87581.743225625
87583.6093932083
14.2224998474121
3.0
mmz
3
false
53
87585.8766362917
87586.4931192083
11.1700000762939
3.0
87586.9929134167
87587.8429154583
10.0975008010864
3.0
87588.4429651667
87589.4766816667
25.1125011444092
3.0
upv
3
false
54
87591.3765775
87592.3935620833
18.0174999237061
3.0
87593.06022225
87594.2772060833
13.1499996185303
3.0
87594.7435412083
87597.34377275
19.0075016021729
3.0
vwg
12
false
55
87599.2106525
87600.5774142083
19.0900001525879
3.0
87601.1939665
87603.361064875
20.0799999237061
3.0
87603.9774782083
87608.244257
33.0
1.0
87609.1941845417
87609.3278100417
33.0
1.0
87611.2098079167
87613.0782554583
19.0900001525879
3.0
87613.8782487083
87616.01152825
20.2449989318848
3.0
87616.3783752083
87617.1781695833
6.13749980926514
3.0
87618.7949310417
87618.8784025
33.0
1.0
87619.8117130417
87619.945090375
33.0
1.0
87620.5949039167
87621.7285910833
19.0075016021729
3.0
87623.228801
87624.5788460833
20.2449989318848
3.0
87625.445542375
87626.2291859583
5.23000049591064
3.0
vnk
3
false
56
87627.9123723333
87629.7626295417
19.0075016021729
3.0
87630.395928875
87631.3460092917
12.0774993896484
3.0
87631.9626565833
87633.7125899583
8.19999980926514
3.0
dqw
3
false
57
87635.9295779583
87636.4463307083
1.02250003814697
3.0
87637.1298346667
87638.4798794583
14.0574989318848
3.0
87638.9963663333
87640.7967372083
20.0799999237061
3.0
bht
5
false
58
87643.4134647917
87644.0801150833
0.0325002670288086
3.0
87644.7966124583
87646.4472055833
32.752498626709
1.0
87644.7966124583
87648.430362625
-0.957499980926514
3.0
87649.180502375
87650.3973784167
5.06500053405762
3.0
87651.2972432083
87653.9138444583
17.2749996185303
3.0
ngg
5
false
59
87656.1976500833
87656.8311831667
13.0675010681152
3.0
87657.7475345833
87657.8475290417
33.0
1.0
87658.5973935
87660.014481875
11.2525005340576
3.0
87660.697953375
87661.5314676667
4.15750026702881
3.0
87661.9311984583
87662.9479353333
5.06500053405762
3.0
xhj
3
false
60
87666.4816845833
87667.6817148333
21.0700016021729
3.0
87668.64810575
87670.1312569583
5.06500053405762
3.0
87670.5813020417
87671.8654252083
7.04500007629395
3.0
xzi
3
false
61
87674.2153408333
87675.7323289167
21.1525001525879
3.0
87676.432358375
87677.0823905417
26.0200004577637
3.0
87677.6991428333
87678.849297875
6.13749980926514
3.0
elq
3
false
62
87680.9826244167
87681.5326065417
2.01250028610229
3.0
87682.3160872917
87683.916257375
10.0150003433228
3.0
87685.149467375
87686.349668125
14.0574989318848
3.0
onl
5
false
63
87688.5997042083
87689.833208875
12.0774993896484
3.0
87690.36662725
87691.74972275
33.0
1.0
87690.36662725
87694.1168732083
12.2424983978271
3.0
87694.583345375
87695.583614
11.0050010681152
3.0
87696.0335874583
87697.233680625
9.10750007629395
3.0
ddg
3
false
64
87699.6502415417
87700.3839245417
2.17750024795532
3.0
87700.8836579167
87701.5172695417
1.02250003814697
3.0
87702.0506724167
87702.9509341667
4.07499980926514
3.0
lfo
3
false
65
87705.0841457917
87705.7510225
9.02500057220459
3.0
87706.4676292083
87707.084381625
3.00250053405762
3.0
87707.5175785
87709.2507312083
12.1599998474121
3.0
fxl
3
false
66
87711.2679258333
87711.6846617083
4.07499980926514
3.0
87712.601339875
87714.484556
21.1525001525879
3.0
87715.1013552917
87716.2680487083
10.0150003433228
3.0
eij
3
false
67
87718.6183587917
87719.6685721667
3.00250053405762
3.0
87720.8018003333
87722.2349239167
6.05500030517578
3.0
87722.8187632083
87723.6687967083
7.04500007629395
3.0
oyn
8
false
68
87725.5688714583
87728.1357287917
12.3249988555908
3.0
87729.1857750417
87730.1693398333
24.2875003814697
3.0
87730.9022040833
87730.985672375
33.0
1.0
87731.7024075833
87733.1860393333
13.1499996185303
3.0
87733.8026694583
87733.9025291667
33.0
1.0
87734.4857067083
87735.7362486667
12.0774993896484
3.0
87736.1861739167
87739.0028322917
22.0599994659424
3.0
87739.80274925
87740.804255875
12.0774993896484
3.0
rdi
3
false
69
87743.003289375
87744.4534720833
15.3775005340576
3.0
87745.3702504583
87746.553526375
1.02250003814697
3.0
87747.236956875
87748.9534614583
6.05500030517578
3.0
bhy
3
false
70
87751.7036813333
87752.1371766667
-0.957499980926514
3.0
87752.9707949583
87753.8540535833
5.06500053405762
3.0
87754.4040865833
87756.0039269167
22.2250003814697
3.0
ilk
3
false
71
87758.004341375
87758.6042167917
6.13749980926514
3.0
87759.1375682917
87759.9876575833
9.10750007629395
3.0
87760.3878319583
87761.3043154583
8.03500080108643
3.0
fqt
3
false
72
87763.204976625
87763.9714803333
3.00250053405762
3.0
87765.03812325
87766.3879889583
14.1399993896484
3.0
87766.9215547083
87769.5218327917
17.0275001525879
3.0
svh
5
false
73
87773.0218412083
87774.0221272083
18.1000003814697
3.0
87774.505383375
87774.5885280833
33.0
1.0
87775.2384235833
87776.088603375
16.0375003814697
3.0
87776.622313375
87777.905627625
19.1725006103516
3.0
87778.3723658333
87779.2554688333
5.06500053405762
3.0
ujr
3
false
74
87782.2223493333
87783.6893500417
18.1824989318848
3.0
87784.6725436667
87785.5560340417
7.04500007629395
3.0
87786.1724849583
87787.722596875
15.0475006103516
3.0
tyo
3
false
75
87790.0396445
87792.4234830833
17.1100006103516
3.0
87792.9566793333
87794.2401430833
22.1424999237061
3.0
87794.673307625
87795.7735705
13.1499996185303
3.0
xeb
9
false
76
87800.3905294583
87802.323922375
21.0700016021729
3.0
87803.123759125
87803.7906345833
3.00250053405762
3.0
87804.9570891667
87805.0237615
33.0
1.0
87805.773776875
87805.8906545
33.0
1.0
87806.5904110417
87808.0577249583
21.1525001525879
3.0
87808.8405128333
87809.807708125
3.00250053405762
3.0
87812.2578329583
87813.8076298333
21.0700016021729
3.0
87814.457838875
87815.0247788333
2.01250028610229
3.0
87816.1912892917
87816.924970125
-0.875
3.0
skr
7
false
77
87819.3750872083
87820.40817825
17.1925010681152
3.0
87821.9250263333
87823.0084445417
16.0375003814697
3.0
87823.5751639583
87824.525459875
8.11750030517578
3.0
87825.042010875
87827.0921358333
17.1925010681152
3.0
87828.1588960833
87829.17541675
16.0375003814697
3.0
87829.759090125
87831.4258926667
8.03500080108643
3.0
87831.8593960833
87833.84246425
16.0375003814697
3.0
gpv
3
false
0
87841.7598874583
87842.8930594167
3.00250053405762
4.0
87844.21020725
87846.5602924583
12.1599998474121
4.0
87847.1267812917
87848.9434644167
18.0174999237061
4.0
ctq
3
false
1
87852.5104613333
87852.8937568333
-0.792500019073486
4.0
87853.8107285
87855.8936506667
16.0375003814697
4.0
87856.4608294583
87858.4441072083
13.2325000762939
4.0
jqk
6
false
2
87860.97746325
87861.7942187083
6.05500030517578
4.0
87862.5942950417
87864.99443325
15.0475006103516
4.0
87865.611341125
87865.7278805
33.0
1.0
87866.411090625
87867.0948531667
6.05500030517578
4.0
87867.82810775
87869.0780806667
13.1499996185303
4.0
87869.6780881667
87870.5784036667
7.04500007629395
4.0
adi
14
false
3
87872.911746125
87873.1285441667
-1.94749999046326
4.0
87874.5451794167
87875.2286101667
-0.957499980926514
4.0
87880.4622327083
87880.8456920417
0.279999732971191
4.0
87881.62919525
87883.246072
6.05500030517578
4.0
87890.296454875
87890.379620375
33.0
1.0
87891.1294830417
87894.6132688333
2.01250028610229
4.0
87895.813252875
87896.8465449167
5.06500053405762
4.0
87898.0633709167
87898.24676325
-1.94749999046326
4.0
87898.6633555833
87898.7799834583
33.0
1.0
87899.413123375
87899.8469473333
-0.710000038146973
4.0
87900.746899375
87900.8302314583
32.752498626709
1.0
87901.346671
87901.7803619167
-1.86500000953674
4.0
87902.830419625
87903.4973620417
1.10500001907349
4.0
87904.0472666667
87905.0136640833
6.22000026702881
4.0
zsu
4
false
4
87910.231146375
87911.0975097083
23.0500011444092
4.0
87912.21432375
87912.8476774583
23.0500011444092
4.0
87913.4644189583
87914.54774325
15.0475006103516
4.0
87915.1812400417
87917.064585125
18.0174999237061
4.0
jim
7
false
5
87919.248229375
87920.2317167917
6.13749980926514
4.0
87921.065011875
87922.1315624583
5.06500053405762
4.0
87922.831696
87925.1983800833
11.0874996185303
4.0
87928.682283875
87928.748711
33.0
1.0
87929.9486292083
87931.13208775
8.03500080108643
4.0
87931.932428375
87932.7159275417
7.04500007629395
4.0
87933.298944375
87934.1492629583
10.1800003051758
4.0
xja
3
false
6
87945.8829505833
87949.1333006667
21.1525001525879
4.0
87949.8335995
87950.550315625
8.19999980926514
4.0
87951.0169165
87951.3335678333
-0.957499980926514
4.0
obw
3
false
7
87964.0843220417
87965.0514257083
11.1700000762939
4.0
87966.5345287083
87966.8678702917
-1.94749999046326
4.0
87967.6013512083
87970.3516610417
19.0075016021729
4.0
ius
3
false
8
87979.9022206667
87981.2188679167
5.14750003814697
4.0
87981.9357152083
87984.352190125
17.0275001525879
4.0
87985.1191367917
87987.1360195833
15.1300010681152
4.0
mcy
3
false
9
88005.1205610833
88006.2540217083
10.0975008010864
4.0
88007.6372367083
88008.1372373333
0.0325002670288086
4.0
88008.8373865
88010.3043003333
21.1525001525879
4.0
xdy
5
false
10
88014.97129275
88016.171367375
22.1424999237061
4.0
88017.4044792917
88018.088004375
1.02250003814697
4.0
88020.2048584167
88022.3716824583
20.1625003814697
4.0
88023.2050132917
88023.7550717917
0.0325002670288086
4.0
88024.3717669583
88025.9717884167
21.0700016021729
4.0
tpb
3
false
11
88028.6885968333
88029.3388043333
17.0275001525879
4.0
88030.6222160417
88032.2056325
12.0774993896484
4.0
88032.9891668333
88033.338875125
-0.957499980926514
4.0
xjp
3
false
12
88039.206210125
88042.1564477917
20.0799999237061
4.0
88042.8729272083
88044.90614275
8.03500080108643
4.0
88045.6897972917
88047.50641375
12.0774993896484
4.0
rla
3
false
13
88052.1066730833
88053.0403307917
15.2950000762939
4.0
88053.706970875
88054.7234744583
8.28250026702881
4.0
88055.5904390417
88055.9073725417
-1.86500000953674
4.0
ejh
3
false
14
88077.4754294583
88078.20855075
1.10500001907349
4.0
88079.0924224167
88082.15919275
8.03500080108643
4.0
88083.10910125
88084.0258258333
6.05500030517578
4.0
cqh
3
false
15
88087.7425895
88088.1427414583
0.197499752044678
4.0
88089.092758
88091.0096651667
14.0574989318848
4.0
88091.726280375
88092.6425832917
5.06500053405762
4.0
vzu
3
false
16
88095.493195375
88096.6600024167
19.0900001525879
4.0
88097.29332925
88098.1931142083
22.3899993896484
4.0
88099.0433810417
88100.160328125
18.1824989318848
4.0
hjc
7
false
17
88108.9272855833
88110.0106915833
4.15750026702881
4.0
88110.694307625
88111.5110223333
7.21000003814697
4.0
88112.1273386667
88113.56087
33.0
1.0
88114.5274084167
88114.6442338333
33.0
1.0
88115.5774490833
88116.6278175
5.06500053405762
4.0
88117.294761625
88118.3947117083
7.375
4.0
88119.2278102083
88119.5946885833
0.0325002670288086
4.0
ymh
3
false
18
88122.7282728333
88124.4283809583
22.1424999237061
4.0
88125.1615971667
88125.9782613333
10.0150003433228
4.0
88126.8119210417
88127.312019375
5.23000049591064
4.0
nof
3
false
19
88136.4459935417
88137.2957524583
11.0050010681152
4.0
88137.76263975
88138.4624471667
11.0874996185303
4.0
88139.14590825
88139.7295199167
3.08500003814697
4.0
snh
3
false
20
88146.113171875
88147.4300102083
17.0275001525879
4.0
88148.279897625
88149.1299845
11.0874996185303
4.0
88150.2966540833
88151.196534875
5.39499950408936
4.0
oap
3
false
21
88153.4803468333
88154.3470920417
11.0050010681152
4.0
88155.2302392083
88155.5137645833
-0.875
4.0
88156.5305465833
88157.347149
13.0675010681152
4.0
zfc
5
false
22
88159.680586375
88160.6641968333
23.0500011444092
4.0
88161.86410775
88162.6975295833
4.07499980926514
4.0
88163.5975155417
88164.8974465833
33.0
1.0
88163.5975155417
88166.9477677917
2.09500026702881
4.0
88167.8477780833
88168.6477422083
-0.957499980926514
4.0
wez
3
false
23
88172.5480428333
88173.9313755833
19.0900001525879
4.0
88174.6816045
88175.3650735
3.00250053405762
4.0
88175.9649795417
88176.8650350833
27.5050010681152
4.0
vgg
3
false
24
88179.4986919583
88181.182211375
19.1725006103516
4.0
88181.965254875
88183.9323972083
5.06500053405762
4.0
88184.3989323333
88184.9489196667
4.15750026702881
4.0
inu
3
false
25
88187.732558
88188.39934375
6.05500030517578
4.0
88189.14956625
88190.1493024167
10.4274997711182
4.0
88190.9826231667
88192.2158742083
17.0275001525879
4.0
fkf
3
false
26
88197.166439
88197.7332957083
3.08500003814697
4.0
88198.6164907917
88199.41647275
8.03500080108643
4.0
88200.0501363333
88200.91668025
3.00250053405762
4.0
dvz
3
false
27
88203.433510125
88204.0169139583
1.02250003814697
4.0
88204.7003825417
88206.6835255833
18.0174999237061
4.0
88207.25020975
88208.1001346667
25.0300006866455
4.0
mnw
3
false
28
88210.400551375
88210.9840924583
10.0150003433228
4.0
88211.6340761667
88212.8172495
10.0150003433228
4.0
88213.784289625
88215.2844844583
19.0075016021729
4.0
nig
3
false
29
88219.918015125
88220.9013515833
11.0874996185303
4.0
88221.7013415
88222.4841861667
5.06500053405762
4.0
88223.2013179583
88223.98453775
3.08500003814697
4.0
efe
3
false
30
88226.2016528333
88227.017966125
1.02250003814697
4.0
88227.8684684167
88228.3685254583
2.09500026702881
4.0
88229.1683782083
88229.8519460833
2.01250028610229
4.0
vhh
7
false
31
88233.1357972917
88233.5020941667
0.0325002670288086
4.0
88235.3021612083
88235.4186748333
33.0
1.0
88236.2521220417
88237.85217675
20.1625003814697
4.0
88238.6852569167
88241.9022480417
32.752498626709
1.0
88238.6852569167
88245.13614375
21.1525001525879
4.0
88245.6862984167
88246.4862069167
7.04500007629395
4.0
88247.0198748333
88247.60299625
7.375
4.0
dlb
7
false
32
88251.9033441667
88253.020099
2.09500026702881
4.0
88253.7197231667
88254.8033644167
10.0150003433228
4.0
88256.087024625
88258.837212125
5.06500053405762
4.0
88260.503796125
88260.6039429583
33.0
1.0
88263.0526514167
88264.3709912917
3.08500003814697
4.0
88265.020839625
88266.4875619583
12.1599998474121
4.0
88267.0710747083
88268.8378610833
2.01250028610229
4.0
gte
3
false
33
88270.9713065833
88271.8380340833
7.04500007629395
4.0
88272.6213465
88274.504663
20.2449989318848
4.0
88275.188074375
88275.6382207917
4.07499980926514
4.0
vfn
3
false
34
88278.021751125
88279.1884052917
19.0075016021729
4.0
88280.4718315417
88281.1221355417
4.56999969482422
4.0
88282.4386502083
88283.0721682917
11.0050010681152
4.0
mnd
3
false
35
88285.5891272917
88286.238778
11.0050010681152
4.0
88287.0057175
88287.7555727083
11.0874996185303
4.0
88288.505713125
88289.0726311667
2.09500026702881
4.0
qbl
3
false
36
88291.8394024583
88293.0395641667
14.3049983978271
4.0
88294.1227789167
88294.872710875
2.01250028610229
4.0
88296.5730887083
88297.0561726667
11.1700000762939
4.0
ujp
3
false
37
88300.3230340417
88301.1233463333
19.0075016021729
4.0
88302.2066821667
88302.8234507917
9.27250003814697
4.0
88303.656758
88304.3402712917
14.1399993896484
4.0
gsn
3
false
38
88306.6404124167
88307.3070892083
4.15750026702881
4.0
88308.19020525
88309.1069087083
16.0375003814697
4.0
88309.9405045417
88311.1236018333
12.1599998474121
4.0
glk
3
false
39
88315.241036875
88315.8411843333
6.22000026702881
4.0
88316.624347
88317.1912055
10.0150003433228
4.0
88318.3246059167
88319.4243127917
9.19000053405762
4.0
iww
3
false
40
88321.958016125
88322.5245366667
9.10750007629395
4.0
88323.2913134167
88324.4080425
23.4624996185303
4.0
88324.8912920417
88325.724980875
20.1625003814697
4.0
ctb
3
false
41
88328.5417405417
88328.9748992917
1.1875
4.0
88330.15853225
88331.4086702083
18.1824989318848
4.0
88332.3752712083
88332.72524225
-0.957499980926514
4.0
xfc
8
false
42
88338.8092784167
88339.7589647083
21.0700016021729
4.0
88340.64197575
88341.0757605417
7.21000003814697
4.0
88342.675927875
88343.2093401667
0.0325002670288086
4.0
88344.4593892083
88344.7261669583
33.0
1.0
88346.0924881667
88347.0095325833
20.1625003814697
4.0
88348.4430520417
88349.0097096667
24.2049999237061
4.0
88349.8097386667
88350.4599263333
5.14750003814697
4.0
88351.3431577083
88352.5766094167
2.01250028610229
4.0
apk
3
false
43
88355.4101930417
88356.6436634167
0.115000247955322
4.0
88357.8601161667
88359.76064525
14.2224998474121
4.0
88360.7104912917
88362.02717825
12.1599998474121
4.0
qkr
3
false
44
88364.693866375
88366.677629625
16.1199989318848
4.0
88367.5938741667
88368.6775173333
11.0874996185303
4.0
88369.4444033333
88371.02770375
16.2849998474121
4.0
upf
3
false
45
88374.8115084167
88375.7945864583
20.0799999237061
4.0
88377.1615772083
88378.72824025
16.4499988555908
4.0
88379.4784767917
88380.1616145417
6.13749980926514
4.0
zrs
3
false
46
88382.1119031667
88383.0784773333
26.1849994659424
4.0
88384.7621812917
88386.8455683333
16.1199989318848
4.0
88387.7122062083
88388.3958589583
17.3575000762939
4.0
xxf
3
false
47
88390.4122609167
88391.329217
25.2775001525879
4.0
88391.8793171667
88392.8460150417
23.2150001525879
4.0
88393.6294145
88394.1127686667
5.06500053405762
4.0
maq
3
false
48
88396.5960866667
88397.7963714167
13.2325000762939
4.0
88398.5297481667
88399.163041625
1.10500001907349
4.0
88400.1629295
88402.2298413333
15.1300010681152
4.0
ctm
7
false
49
88405.2135342083
88405.596862875
6.13749980926514
4.0
88405.77984925
88405.82864675
-5.0
4.0
88406.5135221667
88406.6133327083
33.0
1.0
88407.6299050833
88408.080311375
2.01250028610229
4.0
88410.413649875
88411.1472515833
2.01250028610229
4.0
88411.9805027917
88413.697329
18.0174999237061
4.0
88414.46398675
88415.5642942917
14.2224998474121
4.0
heo
3
false
50
88418.2643294583
88418.93089625
8.03500080108643
4.0
88420.1312202917
88420.947851875
3.08500003814697
4.0
88421.5144902917
88422.3140989167
16.0375003814697
4.0
nlh
3
false
51
88424.848075
88425.68127475
13.0675010681152
4.0
88426.5315067083
88427.6150705417
10.0150003433228
4.0
88428.481894625
88429.4484995
6.22000026702881
4.0
rwm
3
false
52
88434.2487770417
88435.1321867917
17.2749996185303
4.0
88436.215432625
88438.5491905417
23.2150001525879
4.0
88439.1657265833
88439.9989082917
13.0675010681152
4.0
agy
6
false
53
88442.6491760833
88443.2159454167
1.10500001907349
4.0
88444.2660235833
88444.8494279583
8.03500080108643
4.0
88445.6996163333
88446.7830009167
25.1125011444092
4.0
88448.8329209583
88449.3662913333
0.0325002670288086
4.0
88450.283101
88451.183004
6.13749980926514
4.0
88451.799759875
88453.91643725
25.0300006866455
4.0
emj
4
false
54
88456.1668090833
88457.850123
33.0
1.0
88456.1668090833
88460.0337675
4.07499980926514
4.0
88460.6671081667
88461.483847125
12.0774993896484
4.0
88462.23377925
88463.6007747917
9.02500057220459
4.0
uot
3
false
55
88465.9172298333
88468.2841177083
19.0900001525879
4.0
88468.701105875
88469.5010784167
15.1300010681152
4.0
88469.95088475
88471.81781275
18.1824989318848
4.0
ubg
3
false
56
88474.16805475
88475.4515197083
19.0075016021729
4.0
88476.0513410833
88476.8513589167
1.02250003814697
4.0
88477.6014364583
88478.3677079583
8.03500080108643
4.0
dyy
3
false
57
88481.11835925
88481.9018147917
2.09500026702881
4.0
88482.701822875
88483.5685622083
25.2775001525879
4.0
88484.0683266667
88484.968694625
22.2250003814697
4.0
yst
5
false
58
88487.6186829583
88488.5020685833
27.0100021362305
4.0
88491.2021134167
88491.3023576667
33.0
1.0
88491.2021134167
88493.402666625
23.1325016021729
4.0
88494.1858020833
88495.3861217917
18.0174999237061
4.0
88495.9028357917
88497.0695579167
19.0075016021729
4.0
oeo
3
false
59
88499.3030444167
88500.73643425
14.0574989318848
4.0
88501.4030183333
88502.436630125
4.15750026702881
4.0
88502.9531030417
88504.586511625
15.3775005340576
4.0
tck
4
false
60
88506.3364419167
88506.3851809167
-5.0
4.0
88506.7200704583
88507.6368844583
20.0799999237061
4.0
88508.303493875
88509.2368600417
3.16750049591064
4.0
88509.9201673333
88511.6037910417
10.0975008010864
4.0
ayz
5
false
61
88513.7202625833
88514.4872384167
0.279999732971191
4.0
88514.5369865
88514.7206417917
-0.957499980926514
4.0
88515.7873252917
88515.9038513333
33.0
1.0
88515.7873252917
88517.7385089167
25.1125011444092
4.0
88518.2373237917
88519.0540575
27.3400001525879
4.0
zry
3
false
62
88521.404498625
88522.2377971667
27.5875015258789
4.0
88523.10434575
88524.8877352083
18.1000003814697
4.0
88525.8211695
88528.1549155417
22.1424999237061
4.0
kdv
3
false
63
88530.33834025
88531.0382449167
10.1800003051758
4.0
88532.605170625
88533.3051760417
4.15750026702881
4.0
88534.1220014583
88537.33838675
22.0599994659424
4.0
rav
3
false
64
88539.5553721667
88540.972295125
19.1725006103516
4.0
88541.472371
88541.9392587917
1.02250003814697
4.0
88542.4724312917
88545.2227115
21.0700016021729
4.0
slx
3
false
65
88547.339537375
88548.3562045417
17.1925010681152
4.0
88549.1893118333
88549.9729769583
10.0150003433228
4.0
88550.6562869583
88551.58956225
22.0599994659424
4.0
vrw
3
false
66
88554.3233110417
88556.8567845
21.2350006103516
4.0
88557.9900767083
88559.290355375
17.1100006103516
4.0
88559.8901953333
88561.2903275417
22.1424999237061
4.0
pdi
3
false
67
88563.506932
88564.407027
15.0475006103516
4.0
88565.4070899167
88566.3073358333
2.09500026702881
4.0
88567.0908934583
88567.6071268333
9.10750007629395
4.0
oex
3
false
68
88569.4241482917
88570.2410129583
14.0574989318848
4.0
88571.1408335417
88571.8741245417
5.23000049591064
4.0
88572.5743499583
88574.0243145833
23.0500011444092
4.0
jtp
3
false
69
88576.091076
88576.7413
10.0975008010864
4.0
88577.4413350833
88578.7579737917
18.1824989318848
4.0
88579.4081943333
88580.4915888333
14.0574989318848
4.0
wbb
3
false
70
88582.74182825
88583.9918092083
23.2150001525879
4.0
88584.8751014583
88585.491799875
1.10500001907349
4.0
88586.02531825
88586.3250485
1.35249996185303
4.0
uil
3
false
71
88588.6422282083
88589.4422845833
22.1424999237061
4.0
88590.2091538333
88591.2758894583
10.0975008010864
4.0
88591.84222525
88592.4257763333
11.1700000762939
4.0
rkd
3
false
72
88594.5758407083
88596.6756486667
18.0174999237061
4.0
88597.9595062917
88599.3429605
10.0150003433228
4.0
88600.1427291667
88600.8096940833
3.08500003814697
4.0
qks
3
false
73
88602.959812875
88605.193009625
16.0375003814697
4.0
88605.8932097083
88606.82688225
12.0774993896484
4.0
88607.4599387917
88608.3933431667
18.1000003814697
4.0
ilb
3
false
74
88610.2434739583
88610.87684775
9.02500057220459
4.0
88611.6269920417
88612.4103212083
12.2424983978271
4.0
88613.3604879167
88614.0772298333
2.01250028610229
4.0
ors
3
false
75
88616.8439550417
88618.0606845417
14.0574989318848
4.0
88619.2773292083
88620.6275855417
19.1725006103516
4.0
88621.16064975
88622.2943194167
19.6674995422363
4.0
xzw
10
false
76
88624.3614956667
88625.6779249583
22.2250003814697
4.0
88626.2946287083
88626.6445419583
32.752498626709
1.0
88626.2946287083
88628.5948321667
23.0500011444092
4.0
88629.2447898333
88630.044883625
26.0200004577637
4.0
88631.1116162917
88631.9279520417
22.3074989318848
4.0
88632.811465875
88633.328451
27.5050010681152
4.0
88634.578220875
88634.6618333333
33.0
1.0
88635.8949102083
88637.1784660833
24.0399990081787
4.0
88637.6784867917
88638.31197375
27.3400001525879
4.0
88638.9954839167
88640.1451370417
22.1424999237061
4.0
qql
6
false
77
88642.2624164583
88643.1624390833
16.2024993896484
4.0
88643.7455647083
88644.3958077083
16.2024993896484
4.0
88644.9125667083
88645.528717
11.0050010681152
4.0
88647.1126146667
88647.2624640833
33.0
1.0
88647.1126146667
88648.96250075
16.0375003814697
4.0
88649.5295891667
88650.57968875
11.1700000762939
4.0
