few
0
false
0
few
7
false
0
90356.4244021667
90357.15771475
4.07499980926514
3.0
90357.6076191667
90358.3246573333
3.33249950408936
3.0
90358.807771375
90360.4911429167
24.1224994659424
3.0
90360.5578758333
90361.90797525
27.0100021362305
3.0
90362.9415199583
90363.8583590417
3.16750049591064
3.0
90364.258051625
90364.9413995
2.01250028610229
3.0
90365.3916073333
90366.7578905833
22.0599994659424
3.0
uoq
3
false
1
90370.5581205833
90371.89208575
18.1000003814697
3.0
90372.275211625
90373.0582094167
13.1499996185303
3.0
90373.5253125417
90375.1921815417
16.0375003814697
3.0
lnf
3
false
2
90376.8255170833
90378.275808375
9.02500057220459
3.0
90378.7256025
90379.8926105
12.0774993896484
3.0
90380.3593908333
90381.1926253333
5.14750003814697
3.0
hlu
3
false
3
90383.0926930417
90384.79291675
7.04500007629395
3.0
90385.1760874583
90386.2430327083
10.0975008010864
3.0
90386.6596128333
90388.693152375
19.0900001525879
3.0
yml
3
false
4
90391.49314675
90393.7767507083
22.1424999237061
3.0
90394.36011525
90395.2603055833
11.0050010681152
3.0
90395.6934380833
90396.810394
11.2525005340576
3.0
zmt
3
false
5
90398.5437117083
90399.56026625
23.1325016021729
3.0
90400.2606277917
90401.6273466667
10.0150003433228
3.0
90402.0770165833
90403.2608188333
17.0275001525879
3.0
yeq
3
false
6
90405.827478
90407.5773425417
23.1325016021729
3.0
90408.0278217083
90408.710875875
3.00250053405762
3.0
90409.1944554167
90410.6613384167
15.1300010681152
3.0
bao
3
false
7
90412.5281044167
90412.9941539583
-0.875
3.0
90413.494742125
90413.9114560833
-1.94749999046326
3.0
90414.5282150833
90416.8114235
12.2424983978271
3.0
uxa
3
false
8
90418.3450724167
90419.661922125
18.1824989318848
3.0
90420.1616732083
90422.0120188333
22.1424999237061
3.0
90422.645441875
90422.9619958333
0.115000247955322
3.0
tkv
3
false
9
90424.8954344167
90426.1789685417
17.1100006103516
3.0
90426.84548625
90428.6791930833
10.2624998092651
3.0
90429.2124294583
90430.7790242917
19.0900001525879
3.0
jwe
3
false
10
90432.3459910417
90433.3461880417
8.03500080108643
3.0
90433.8462304167
90435.5963710417
20.0799999237061
3.0
90436.0626379583
90436.7292264167
2.01250028610229
3.0
vzb
3
false
11
90438.2963739167
90440.1799082917
20.3274993896484
3.0
90440.61297625
90442.1130749167
23.1325016021729
3.0
90442.6631225417
90443.0300172917
0.115000247955322
3.0
zpw
3
false
12
90444.6299088333
90445.796831625
25.1125011444092
3.0
90446.3467660417
90448.0134445417
15.1300010681152
3.0
90448.4304130417
90449.7136147083
20.0799999237061
3.0
stw
3
false
13
90451.1139103333
90452.4472773333
16.0375003814697
3.0
90452.8468613333
90453.7468117083
17.0275001525879
3.0
90454.1639521667
90455.6976694583
20.0799999237061
3.0
jib
3
false
14
90457.4304265417
90458.714466
9.02500057220459
3.0
90459.1643105833
90460.0643111667
6.05500030517578
3.0
90460.5644284167
90461.1646378333
-0.957499980926514
3.0
swe
3
false
15
90463.01459325
90464.3644849167
17.0275001525879
3.0
90464.8315765833
90466.01486675
21.1525001525879
3.0
90466.5978973333
90470.0484190417
6.05500030517578
3.0
bed
3
false
16
90471.9152133333
90472.7153240833
-0.957499980926514
3.0
90473.2154675417
90474.24854075
3.08500003814697
3.0
90474.8983123333
90475.98197375
1.02250003814697
3.0
lpz
5
false
17
90478.29889725
90479.5321679167
9.19000053405762
3.0
90480.1322284583
90480.7325345
-1.94749999046326
3.0
90482.7661422917
90484.19883075
11.0050010681152
3.0
90484.648899
90486.6991192917
13.0675010681152
3.0
90487.165688875
90488.4494645
23.1325016021729
3.0
wcp
3
false
18
90492.3166599583
90493.7670535
20.0799999237061
3.0
90494.4665547917
90495.98343775
1.02250003814697
3.0
90496.767018625
90499.2837652083
14.0574989318848
3.0
lvv
3
false
19
90501.5004155417
90502.4338315833
9.02500057220459
3.0
90502.9506069583
90504.8674845417
21.1525001525879
3.0
90505.2839507917
90506.5839312917
19.0900001525879
3.0
aeb
4
false
20
90508.1675027083
90511.601072875
23.3800010681152
3.0
90514.1178939167
90514.5348104583
-0.957499980926514
3.0
90515.1513396667
90516.001446125
2.01250028610229
3.0
90516.73463525
90517.1847495833
-0.957499980926514
3.0
yup
3
false
21
90518.8182057083
90521.0015919167
22.2250003814697
3.0
90521.4516545
90522.9017175833
19.0900001525879
3.0
90523.3353549167
90524.768650125
14.1399993896484
3.0
ktd
3
false
22
90526.518915875
90527.7519711667
10.1800003051758
3.0
90528.1856217083
90529.3021165
17.0275001525879
3.0
90529.802266
90530.5523957083
1.02250003814697
3.0
tqm
4
false
23
90532.1355532083
90536.2019953333
27.0100021362305
3.0
90536.7527484583
90539.1191331667
17.0275001525879
3.0
90539.6363550833
90541.3198685833
16.0375003814697
3.0
90541.7529620833
90543.9530632083
14.0574989318848
3.0
vwk
3
false
24
90546.0867415
90547.2699958333
19.2550010681152
3.0
90547.7534559167
90548.9368759167
20.1625003814697
3.0
90549.5369201667
90550.4202998333
8.03500080108643
3.0
xri
3
false
25
90552.5204178333
90554.353901625
21.0700016021729
3.0
90554.7872175417
90556.587503
16.1199989318848
3.0
90556.9539792083
90557.9709491667
8.19999980926514
3.0
agr
3
false
26
90560.420885625
90560.7376784583
-1.94749999046326
3.0
90561.3377444167
90562.754567
6.05500030517578
3.0
90563.1712902083
90564.804439
16.1199989318848
3.0
zlx
4
false
27
90566.138137625
90566.8713199583
26.0200004577637
3.0
90568.0043267083
90570.6551221667
27.2574996948242
3.0
90571.005020625
90573.1884666667
12.1599998474121
3.0
90573.938503
90575.5718538333
21.1525001525879
3.0
fur
3
false
28
90577.0721272083
90577.988886
3.16750049591064
3.0
90578.4389012917
90579.6723199583
18.1000003814697
3.0
90580.1388519583
90583.2892709167
15.1300010681152
3.0
irm
3
false
29
90585.1060464583
90586.2394202917
6.05500030517578
3.0
90586.7395019583
90587.9893778333
15.0475006103516
3.0
90588.3895147083
90589.7897317083
10.1800003051758
3.0
dcm
3
false
30
90591.95646225
90592.5564874583
1.02250003814697
3.0
90592.9729665833
90593.4897570833
0.115000247955322
3.0
90593.9566306667
90595.9733865417
10.0150003433228
3.0
vft
3
false
31
90597.9401529167
90599.50704375
19.0075016021729
3.0
90599.9735403333
90601.2904240833
5.14750003814697
3.0
90601.756859875
90603.0238595833
17.0275001525879
3.0
oro
3
false
32
90604.8905095
90605.9738984167
12.4074993133545
3.0
90606.4240820833
90607.9241287917
15.0475006103516
3.0
90608.3408273333
90609.4907104167
12.1599998474121
3.0
rxt
3
false
33
90611.4243052917
90613.0579786667
15.1300010681152
3.0
90613.4410750833
90615.0743975417
21.0700016021729
3.0
90615.5412876667
90617.574860625
17.0275001525879
3.0
zjg
3
false
34
90619.574667125
90622.5084604167
27.5875015258789
3.0
90622.9583239167
90624.908254
9.19000053405762
3.0
90625.291892625
90625.875261
4.32250022888184
3.0
pkf
3
false
35
90627.7085502083
90631.325363125
17.6875
3.0
90631.7921062917
90632.8755932917
8.11750030517578
3.0
90633.5924470417
90634.425705125
3.00250053405762
3.0
vwe
3
false
36
90636.0758183333
90638.7262582917
20.2449989318848
3.0
90639.1592675833
90640.77635025
21.1525001525879
3.0
90641.3925192917
90642.0597945
3.00250053405762
3.0
fhh
3
false
37
90644.009949125
90644.6266327083
3.25
3.0
90645.10986475
90646.1266414167
6.05500030517578
3.0
90646.5599704167
90647.2267693333
5.06500053405762
3.0
oxs
3
false
38
90648.9434643333
90650.04328825
13.2325000762939
3.0
90650.4602978333
90651.9269909583
21.2350006103516
3.0
90652.5269230417
90654.243633875
18.0174999237061
3.0
amk
3
false
39
90668.32812725
90668.8114352083
-1.94749999046326
3.0
90669.3447090833
90671.14546325
10.0150003433228
3.0
90671.5951205833
90672.3951008333
8.19999980926514
3.0
rro
3
false
40
90675.4785774167
90678.2121839167
16.2024993896484
3.0
90678.6122278333
90679.9289067083
16.2024993896484
3.0
90680.445580375
90681.3954212083
12.1599998474121
3.0
cgp
5
false
41
90683.829137875
90684.7125284583
1.02250003814697
3.0
90685.4793356667
90688.1125524167
27.0100021362305
3.0
90690.179486625
90691.079606875
1.1875
3.0
90691.6296815833
90692.4797280833
5.14750003814697
3.0
90692.9296459583
90694.613289875
13.2325000762939
3.0
cms
3
false
42
90696.3298585
90696.779735875
0.0325002670288086
3.0
90697.263250625
90698.7131078333
10.1800003051758
3.0
90699.113300375
90700.2135825
16.0375003814697
3.0
cij
3
false
43
90702.0134609167
90702.6133900833
0.0325002670288086
3.0
90703.1131371667
90703.913455625
7.04500007629395
3.0
90704.39736
90705.763974625
9.02500057220459
3.0
aen
3
false
44
90707.5970454167
90707.9805717917
-0.957499980926514
3.0
90708.497564375
90709.2472023333
3.00250053405762
3.0
90709.680880875
90711.480727875
11.0050010681152
3.0
zhc
3
false
45
90712.9808754583
90713.8479632083
26.0200004577637
3.0
90714.1142974583
90715.7312607083
6.05500030517578
3.0
90716.2143585833
90716.8809009583
1.02250003814697
3.0
koj
3
false
46
90718.7145365
90719.6312719167
8.11750030517578
3.0
90719.8313526667
90721.2980017083
13.0675010681152
3.0
90721.6481319167
90722.248365125
7.04500007629395
3.0
ygu
3
false
47
90724.2318440417
90726.5653055417
23.0500011444092
3.0
90726.9985877083
90727.8484115833
4.07499980926514
3.0
90728.2985411667
90729.4155164167
18.0174999237061
3.0
qxs
3
false
48
90731.1323657917
90732.232426375
14.2224998474121
3.0
90732.54885325
90733.4324275417
21.0700016021729
3.0
90733.8156140417
90735.0159773333
17.1925010681152
3.0
uad
3
false
49
90736.4653656667
90737.7994360833
18.1000003814697
3.0
90738.5327716667
90738.8662010417
-0.957499980926514
3.0
90739.2827113333
90739.7326465417
1.02250003814697
3.0
tnh
3
false
50
90741.366128625
90742.9494927083
17.0275001525879
3.0
90743.532945875
90744.683213125
11.1700000762939
3.0
90745.082860375
90745.566378
5.06500053405762
3.0
pjw
3
false
51
90747.016477375
90749.0163723333
13.0675010681152
3.0
90749.5666400833
90750.2502290417
6.13749980926514
3.0
90751.01668575
90752.7001921667
20.0799999237061
3.0
akv
3
false
52
90754.8166238333
90755.1666045
-1.94749999046326
3.0
90755.6169763333
90756.600408
10.0150003433228
3.0
90757.0503384583
90758.36754425
20.2449989318848
3.0
gdv
3
false
53
90759.867387
90760.6509832083
5.23000049591064
3.0
90761.28390925
90762.0510951667
2.17750024795532
3.0
90762.5676251667
90764.0507138333
19.0075016021729
3.0
zoo
3
false
54
90765.60107275
90767.9679482917
27.5050010681152
3.0
90768.4847245
90771.768326625
17.4400005340576
3.0
90772.2849607917
90773.1681324167
12.1599998474121
3.0
tzx
3
false
55
90775.1683437083
90777.83514725
18.0174999237061
3.0
90778.3186905
90779.4521055
23.0500011444092
3.0
90779.9353532083
90781.8022469583
22.0599994659424
3.0
gix
6
false
56
90783.5355455417
90787.96933875
8.03500080108643
3.0
90788.6192851667
90790.41944725
7.04500007629395
3.0
90790.9361515417
90793.2515930417
21.3175010681152
3.0
90794.9031388333
90796.48664075
5.06500053405762
3.0
90797.0533999167
90798.370048
8.11750030517578
3.0
90798.853366
90800.5202568333
22.1424999237061
3.0
bym
7
false
57
90802.4701876667
90803.0869069583
-0.875
3.0
90803.6868930833
90804.520161
1.02250003814697
3.0
90804.7702673333
90804.9535972083
0.115000247955322
3.0
90805.5036944167
90806.2705074167
6.05500030517578
3.0
90807.2038953333
90808.587055625
0.0325002670288086
3.0
90809.3542025833
90810.5875872917
22.2250003814697
3.0
90811.054110875
90811.953932625
10.0150003433228
3.0
cqu
3
false
58
90814.3044234583
90814.92099575
0.0325002670288086
3.0
90815.537354
90817.1712324167
14.1399993896484
3.0
90817.8046032917
90819.1378517083
18.0174999237061
3.0
hdn
3
false
59
90821.2379469583
90822.1381848333
8.19999980926514
3.0
90822.6547849167
90823.3715812917
2.09500026702881
3.0
90824.0216974167
90825.5384146667
11.0050010681152
3.0
qfj
3
false
60
90828.0052292917
90829.7554699167
14.0574989318848
3.0
90830.071928875
90830.9216844583
3.00250053405762
3.0
90831.3221160417
90832.4389272917
8.03500080108643
3.0
dqy
3
false
61
90834.3722754167
90835.5057567083
2.25999975204468
3.0
90835.9901902083
90837.8889618333
14.1399993896484
3.0
90838.28906825
90839.8727353333
22.2250003814697
3.0
ssq
3
false
62
90841.6061617917
90843.0562752917
16.0375003814697
3.0
90843.339517875
90844.3227787083
17.0275001525879
3.0
90844.88959775
90846.339864875
14.1399993896484
3.0
jbn
3
false
63
90848.073130375
90849.2233939167
8.03500080108643
3.0
90849.6899643333
90850.1234280417
0.0325002670288086
3.0
90850.6401978333
90851.7399684583
11.0874996185303
3.0
rnp
5
false
64
90853.55675775
90855.9071866667
16.0375003814697
3.0
90856.2737099583
90859.0572753333
14.0574989318848
3.0
90859.790786625
90861.457660625
15.2124996185303
3.0
90861.790855375
90862.6405000417
11.2525005340576
3.0
90863.0920066667
90864.290816125
13.0675010681152
3.0
sxp
3
false
65
90865.9076786667
90867.991287875
17.1100006103516
3.0
90868.4245369583
90869.2918017083
23.0500011444092
3.0
90869.8247271667
90871.874875
13.0675010681152
3.0
ble
3
false
66
90873.8417474167
90874.5415869167
-0.957499980926514
3.0
90874.974905125
90876.35848
9.02500057220459
3.0
90876.7417922083
90877.3748800833
2.09500026702881
3.0
fqg
3
false
67
90879.1584585
90879.77522075
3.00250053405762
3.0
90880.3252770833
90882.025200875
14.1399993896484
3.0
90882.3920640417
90883.0756429167
5.06500053405762
3.0
yfg
3
false
68
90885.1255655833
90886.4924688333
22.1424999237061
3.0
90886.8757802917
90887.7925537917
4.15750026702881
3.0
90888.2090928333
90889.1261577083
6.05500030517578
3.0
gid
3
false
69
90891.342748375
90892.5763747083
4.23999977111816
3.0
90892.9762197917
90893.8929747083
6.05500030517578
3.0
90894.5096361667
90895.5597389583
1.02250003814697
3.0
iil
3
false
70
90897.2595379583
90897.993240375
6.22000026702881
3.0
90898.2431186667
90899.2600020417
6.38500022888184
3.0
90899.6431229167
90901.359711375
9.02500057220459
3.0
mhh
3
false
71
90903.1934407917
90904.6603640833
11.0050010681152
3.0
90905.077032
90906.0601258333
6.13749980926514
3.0
90906.5435214583
90907.227290125
6.05500030517578
3.0
bsi
3
false
72
90909.3602945
90910.0773765833
-0.957499980926514
3.0
90910.5438276667
90911.9272734167
16.1199989318848
3.0
90912.4108069167
90913.443920375
6.05500030517578
3.0
jnl
3
false
73
90915.177615875
90916.2610969167
8.03500080108643
3.0
90916.7111517083
90918.1111180417
11.1700000762939
3.0
90918.4779278333
90919.6281545
9.10750007629395
3.0
dyk
3
false
74
90921.4778209583
90922.0446661667
1.02250003814697
3.0
90922.4781053333
90924.0780770833
23.2150001525879
3.0
90924.494911625
90925.378395
9.02500057220459
3.0
aku
3
false
75
90927.6616144167
90927.928262
-0.875
3.0
90928.5283145417
90929.4953758333
8.03500080108643
3.0
90929.8780841667
90931.061806125
19.0075016021729
3.0
cyn
3
false
76
90932.7788799167
90933.3121758333
0.115000247955322
3.0
90933.8122302917
90935.3284422917
22.3899993896484
3.0
90935.8788230417
90936.69576625
11.0050010681152
3.0
hcn
3
false
77
90938.745841625
90939.4125619167
5.14750003814697
3.0
90939.9791744583
90941.6625597917
4.07499980926514
3.0
90942.1794669583
90943.4628987083
11.0050010681152
3.0
dqw
3
false
0
91007.2336806667
91008.1671879583
1.02250003814697
4.0
91008.7670632083
91010.7005932083
13.0675010681152
4.0
91011.167136
91012.3338297917
19.1725006103516
4.0
avp
3
false
1
91016.6676424583
91017.5842453333
-0.957499980926514
4.0
91018.234392625
91019.6012365417
18.1824989318848
4.0
91020.0343200833
91021.3514025
12.0774993896484
4.0
kcl
3
false
2
91023.0514112917
91023.9514301667
7.04500007629395
4.0
91024.9512716667
91025.3349517917
-0.957499980926514
4.0
91025.8350124167
91026.7850376667
8.03500080108643
4.0
zol
3
false
3
91029.8185020417
91030.5518077917
25.1125011444092
4.0
91031.01860625
91032.302037625
11.0874996185303
4.0
91032.7186600417
91033.6855290417
8.11750030517578
4.0
hcp
3
false
4
91035.2189155
91036.3855677083
4.15750026702881
4.0
91036.835702
91037.33550925
-0.957499980926514
4.0
91037.8856795833
91039.852548375
13.0675010681152
4.0
gdr
3
false
5
91041.4358507083
91042.519622
4.40499973297119
4.0
91042.969336625
91043.6193929167
0.115000247955322
4.0
91044.1195215417
91045.4194302083
14.1399993896484
4.0
rnm
3
false
6
91047.036036875
91048.653104375
15.0475006103516
4.0
91049.0366502083
91050.2366612083
10.0150003433228
4.0
91050.703207875
91052.0195819583
9.02500057220459
4.0
kja
3
false
7
91053.7699333333
91054.703618875
9.02500057220459
4.0
91055.4368639583
91056.720425375
6.30249977111816
4.0
91057.353493125
91057.7036459583
-1.94749999046326
4.0
vqf
3
false
8
91059.6371110417
91062.7037935
20.1625003814697
4.0
91063.3871956667
91064.88743825
13.0675010681152
4.0
91065.487476625
91066.2376648333
2.09500026702881
4.0
ozw
3
false
9
91067.7708549583
91068.7878993333
11.0050010681152
4.0
91069.1709898333
91069.98776025
22.1424999237061
4.0
91070.5546524167
91072.1045137083
19.0075016021729
4.0
swz
3
false
10
91073.97137875
91075.2549416667
15.2950000762939
4.0
91075.60472425
91076.6214814167
19.0075016021729
4.0
91077.0215172917
91078.421456875
22.1424999237061
4.0
fui
4
false
11
91079.805171625
91081.4219795417
6.05500030517578
4.0
91082.5887740833
91083.3387695833
2.01250028610229
4.0
91083.77201975
91084.8719222917
17.1100006103516
4.0
91085.3054060833
91086.289028
5.14750003814697
4.0
jxl
3
false
12
91088.1557708333
91089.3226071667
6.13749980926514
4.0
91089.855731375
91091.63910525
20.2449989318848
4.0
91092.1392204167
91093.856131
9.02500057220459
4.0
tpl
3
false
13
91095.3226292083
91096.306455375
16.0375003814697
4.0
91096.906398125
91098.1064521667
12.1599998474121
4.0
91098.4895212083
91099.7398927917
10.0150003433228
4.0
sgw
3
false
14
91101.190247875
91103.256763625
15.1300010681152
4.0
91103.8064868333
91105.2567259167
4.07499980926514
4.0
91105.656766625
91107.690079125
20.3274993896484
4.0
ifn
3
false
15
91109.173709625
91110.2239959583
6.05500030517578
4.0
91110.6237350417
91111.3237554583
3.00250053405762
4.0
91111.8068199167
91113.0074616667
10.0975008010864
4.0
siz
3
false
16
91114.77405925
91117.2740336667
15.0475006103516
4.0
91117.7407125833
91118.575286
5.14750003814697
4.0
91118.9576571667
91120.2745252083
22.1424999237061
4.0
frs
3
false
17
91121.9411120417
91122.6413315833
2.01250028610229
4.0
91123.1412005417
91124.6744988333
15.0475006103516
4.0
91125.0579462083
91125.9913886667
15.0475006103516
4.0
amk
10
false
18
91127.2916255417
91127.6414906667
-0.957499980926514
4.0
91127.7746760833
91127.941568625
-1.86500000953674
4.0
91128.4583914167
91128.9750375
7.04500007629395
4.0
91129.8084502917
91130.5584300833
2.17750024795532
4.0
91135.3754591667
91137.32560375
10.0150003433228
4.0
91140.0757390417
91141.1091936667
9.02500057220459
4.0
91142.79262575
91143.1923609583
0.197499752044678
4.0
91148.4764565833
91149.5927922917
5.23000049591064
4.0
91150.626551
91151.943233125
10.0975008010864
4.0
91152.4595484167
91153.5933150417
8.03500080108643
4.0
ueh
3
false
19
91155.3931675
91156.5433367083
18.4299983978271
4.0
91157.094020875
91157.6100981667
1.02250003814697
4.0
91158.07680375
91158.926891
4.07499980926514
4.0
for
3
false
20
91160.6271472083
91161.4102615417
2.09500026702881
4.0
91161.9102894583
91163.027364
11.0050010681152
4.0
91163.4271626667
91164.6607530833
14.0574989318848
4.0
vqr
3
false
21
91166.42731025
91167.5108066667
18.1000003814697
4.0
91167.9776202083
91168.9775782083
14.0574989318848
4.0
91169.4110021667
91170.3942995
14.0574989318848
4.0
jaj
3
false
22
91172.2111165417
91173.0112122917
6.30249977111816
4.0
91173.8278057917
91174.3113599167
-1.94749999046326
4.0
91174.8611845
91175.778307375
7.21000003814697
4.0
nmb
3
false
23
91177.2948952083
91178.6113547083
10.0150003433228
4.0
91178.994826375
91179.7283039167
9.02500057220459
4.0
91180.5616653333
91180.9451610833
-1.94749999046326
4.0
htv
3
false
24
91182.5450299167
91183.3118685833
4.07499980926514
4.0
91183.8452332083
91185.5285242083
17.3575000762939
4.0
91185.9287395833
91187.1785809583
19.2550010681152
4.0
ycq
3
false
25
91188.5954582917
91189.7618815833
22.1424999237061
4.0
91190.5455337917
91190.9790489167
-0.792500019073486
4.0
91191.39548525
91192.9294320417
13.0675010681152
4.0
lib
3
false
26
91194.3959052083
91195.2627445
9.02500057220459
4.0
91195.7625771667
91197.246277375
5.14750003814697
4.0
91197.7628899583
91198.2128190833
1.02250003814697
4.0
iys
3
false
27
91200.996187125
91201.7129085
6.05500030517578
4.0
91202.196474625
91203.6799225
22.3074989318848
4.0
91204.3632367083
91205.9297279583
15.2124996185303
4.0
vrm
3
false
28
91207.4634312083
91208.8135662083
19.3374996185303
4.0
91209.3135542083
91210.6635668333
14.1399993896484
4.0
91211.09694575
91211.9970964583
11.0050010681152
4.0
puh
3
false
29
91214.9474677083
91216.0972312917
13.1499996185303
4.0
91216.5141152083
91217.664256375
17.1925010681152
4.0
91218.16424625
91219.3305559583
4.15750026702881
4.0
ekn
3
false
30
91220.9143357083
91221.6810512083
1.02250003814697
4.0
91222.1977444167
91223.263971875
9.02500057220459
4.0
91223.8312010833
91225.4146779583
11.0050010681152
4.0
mwm
3
false
31
91226.9480100833
91227.714784375
11.0050010681152
4.0
91228.147851375
91229.3813672917
19.0075016021729
4.0
91229.8481717083
91230.7650891667
9.02500057220459
4.0
sjc
3
false
32
91232.3149340833
91234.998793875
16.3674983978271
4.0
91235.4150952083
91236.24879575
7.04500007629395
4.0
91236.815439375
91237.2652705
0.0325002670288086
4.0
nvx
3
false
33
91238.8986866667
91240.3987534583
10.0150003433228
4.0
91240.7821802917
91241.615724875
18.0174999237061
4.0
91242.1991135
91243.298944
20.1625003814697
4.0
gnd
8
false
34
91244.7992289167
91247.0325709583
7.04500007629395
4.0
91247.5327142083
91249.032944125
10.2624998092651
4.0
91249.69954225
91250.2995662083
1.02250003814697
4.0
91252.5993850833
91253.0829783333
2.01250028610229
4.0
91255.232775625
91255.7664951667
3.00250053405762
4.0
91256.2832744583
91257.44994175
3.00250053405762
4.0
91257.9833394583
91258.9166733333
10.0150003433228
4.0
91259.5667071667
91259.950341875
1.02250003814697
4.0
gul
3
false
35
91261.83354475
91262.9505564583
4.23999977111816
4.0
91263.3336659583
91264.35065125
17.0275001525879
4.0
91264.7337990833
91265.4006364583
8.11750030517578
4.0
hti
3
false
36
91268.4840334583
91269.3507130417
4.07499980926514
4.0
91269.7508468333
91270.9173225
16.1199989318848
4.0
91271.251398
91272.017491125
6.05500030517578
4.0
xkj
3
false
37
91273.5509431667
91275.0846321667
21.0700016021729
4.0
91275.4342639167
91276.2177935833
8.19999980926514
4.0
91276.55143575
91277.3014057917
5.14750003814697
4.0
fdp
3
false
38
91280.8516915417
91281.4850002917
2.01250028610229
4.0
91281.968315625
91282.6850927083
1.1875
4.0
91283.2018249583
91284.7353135
12.2424983978271
4.0
qyb
3
false
39
91290.9690207917
91292.03567375
15.0475006103516
4.0
91292.4023764583
91293.3522407917
22.0599994659424
4.0
91293.9522679583
91294.4524255833
-1.94749999046326
4.0
dsx
6
false
40
91297.4857152083
91298.2861245833
1.10500001907349
4.0
91298.936179625
91300.76959
19.1725006103516
4.0
91301.3196899583
91303.1198020417
21.0700016021729
4.0
91304.8532185833
91305.43658125
0.0325002670288086
4.0
91306.1530812917
91307.1031445
15.1300010681152
4.0
91308.02007925
91309.320198
21.1525001525879
4.0
pau
3
false
41
91311.4036465417
91312.5704282083
14.2224998474121
4.0
91314.6535772083
91318.2873515833
14.1399993896484
4.0
91319.070840375
91320.3041952083
17.1925010681152
4.0
ace
3
false
42
91322.6874982083
91323.0875392083
-0.792500019073486
4.0
91324.1709322083
91325.3211720417
0.0325002670288086
4.0
91325.871397625
91326.5210337083
2.17750024795532
4.0
lwf
3
false
43
91329.888160375
91330.8213328333
8.03500080108643
4.0
91331.3550074167
91332.6714894583
19.1725006103516
4.0
91333.2882414583
91334.10506675
2.01250028610229
4.0
kvk
3
false
44
91335.9885511667
91336.8549329167
9.19000053405762
4.0
91337.3385617917
91338.605461
18.0174999237061
4.0
91339.1054453333
91340.1553164167
7.04500007629395
4.0
drq
3
false
45
91342.2888406667
91343.0723965833
0.0325002670288086
4.0
91343.5558203333
91344.9722915833
14.0574989318848
4.0
91345.4891015833
91347.472443875
13.3975009918213
4.0
pxn
3
false
46
91349.2228475417
91350.6561439583
13.0675010681152
4.0
91351.0894792083
91353.289790875
21.1525001525879
4.0
91353.6728553333
91354.7728079167
11.0050010681152
4.0
zlo
3
false
47
91356.456386375
91357.7397885833
22.1424999237061
4.0
91358.156552125
91358.9068564583
8.03500080108643
4.0
91359.3234546667
91360.1899459167
11.0050010681152
4.0
azt
3
false
48
91362.4736770417
91362.8900424167
-1.94749999046326
4.0
91363.5404531667
91364.9238369583
22.2250003814697
4.0
91365.340520125
91366.6407167083
17.1100006103516
4.0
weq
3
false
49
91368.6238972083
91370.4907603333
19.0900001525879
4.0
91371.174036125
91371.7076834167
2.01250028610229
4.0
91372.1909624167
91373.3907832083
13.0675010681152
4.0
ytg
3
false
50
91375.0910693333
91376.9909924167
21.0700016021729
4.0
91377.3411808333
91378.2413842083
16.0375003814697
4.0
91378.6247640833
91379.6748660417
3.08500003814697
4.0
dhu
3
false
51
91381.674859125
91382.67494425
1.1875
4.0
91383.158160625
91384.3922882917
7.04500007629395
4.0
91384.8917497917
91386.3919384167
17.1100006103516
4.0
tkb
3
false
52
91388.3253557917
91389.558546
17.0275001525879
4.0
91389.9919368333
91391.0922937917
8.03500080108643
4.0
91391.4921669583
91392.0087429167
0.0325002670288086
4.0
oyx
3
false
53
91394.1589819583
91394.9921704583
13.0675010681152
4.0
91395.5260366667
91397.3089399167
23.2150001525879
4.0
91397.7587241667
91399.626202875
20.0799999237061
4.0
xxk
3
false
54
91401.4094936667
91402.6595288333
21.1525001525879
4.0
91403.07643225
91404.10965175
20.0799999237061
4.0
91404.5264362917
91405.376368625
8.28250026702881
4.0
zci
3
false
55
91407.276611125
91408.4264514167
24.2049999237061
4.0
91409.1267285
91409.4767017083
0.0325002670288086
4.0
91410.0268387083
91410.9433551667
6.05500030517578
4.0
mrw
3
false
56
91412.9600603333
91414.0268010417
9.02500057220459
4.0
91414.44360725
91415.7432916667
14.0574989318848
4.0
91416.1437455833
91417.4603818333
19.0075016021729
4.0
tdw
3
false
57
91419.02718825
91420.2274498333
16.0375003814697
4.0
91420.677534375
91421.527511625
0.0325002670288086
4.0
91421.9772855417
91423.711123875
20.0799999237061
4.0
jrj
3
false
58
91425.0943915
91425.9444489167
6.22000026702881
4.0
91426.5779709167
91427.72803575
14.1399993896484
4.0
91428.12783475
91429.078217625
6.05500030517578
4.0
qye
3
false
59
91430.4281051667
91431.72838575
13.3975009918213
4.0
91432.1281097083
91433.244991125
22.1424999237061
4.0
91433.7116090833
91434.3617357083
2.01250028610229
4.0
ibm
3
false
60
91436.2950595417
91437.2446577083
6.05500030517578
4.0
91437.7780995833
91438.26152375
-1.94749999046326
4.0
91438.6448435417
91439.8948186667
9.02500057220459
4.0
jle
3
false
61
91441.3787609583
91442.3456277083
6.05500030517578
4.0
91442.7291444167
91444.0123860417
8.11750030517578
4.0
91444.3957627083
91444.9791726667
1.02250003814697
4.0
vcp
3
false
62
91446.545643125
91447.812291
18.1000003814697
4.0
91448.3123040833
91448.762440375
-0.957499980926514
4.0
91449.3460241667
91451.6296043333
13.0675010681152
4.0
xio
3
false
63
91453.196202375
91455.563114625
21.0700016021729
4.0
91455.879616875
91457.296672125
8.03500080108643
4.0
91457.72987325
91459.179743125
13.3150005340576
4.0
szs
3
false
64
91461.7468181667
91463.1133757917
17.1100006103516
4.0
91463.496778375
91464.6467654167
22.0599994659424
4.0
91465.0138344167
91466.4636794167
15.0475006103516
4.0
uab
3
false
65
91468.2304304167
91469.3470996667
17.1100006103516
4.0
91470.1472146667
91470.6638797917
-0.957499980926514
4.0
91471.2474205417
91471.6473684167
-0.875
4.0
ygo
3
false
66
91475.0642990417
91476.447813375
22.1424999237061
4.0
91476.9476364167
91478.081254
3.16750049591064
4.0
91478.414521625
91479.6646138333
12.1599998474121
4.0
beg
3
false
67
91481.3314553333
91482.2147783333
0.197499752044678
4.0
91482.6482847917
91483.2482355
1.02250003814697
4.0
91483.6981114583
91484.5317935
3.00250053405762
4.0
paz
3
false
68
91486.4983335
91487.7649364167
12.0774993896484
4.0
91489.91532175
91490.3819024583
0.0325002670288086
4.0
91490.8487379583
91492.1652671667
23.0500011444092
4.0
nhq
3
false
69
91494.2322510833
91495.8658279167
11.3350009918213
4.0
91496.415687125
91497.6160287083
5.06500053405762
4.0
91498.06578175
91499.716214375
13.0675010681152
4.0
gut
3
false
70
91501.8826882917
91502.9996198333
3.00250053405762
4.0
91503.499351125
91505.7665679167
17.0275001525879
4.0
91506.2165557917
91507.2666916667
16.1199989318848
4.0
udh
3
false
71
91509.0332133333
91510.3168369167
18.1000003814697
4.0
91511.1999765417
91511.933452875
0.0325002670288086
4.0
91512.3501635417
91513.1836252917
5.06500053405762
4.0
vte
3
false
72
91514.70022
91516.0504945833
19.0900001525879
4.0
91516.45023975
91518.06723025
16.0375003814697
4.0
91518.6837039583
91519.1505374583
1.02250003814697
4.0
bgh
3
false
73
91520.8669394167
91521.4672623333
1.02250003814697
4.0
91521.9842012083
91523.3180412917
5.06500053405762
4.0
91523.6841320417
91524.300969375
5.06500053405762
4.0
ecm
3
false
74
91526.3508963333
91527.1012090833
1.02250003814697
4.0
91527.45100025
91527.7843206667
0.0325002670288086
4.0
91528.4344304583
91529.95105625
9.02500057220459
4.0
foc
3
false
75
91531.6013901667
91532.234434625
3.00250053405762
4.0
91532.701332625
91533.4015608333
11.0874996185303
4.0
91534.2847624167
91534.9681507917
0.0325002670288086
4.0
ynb
3
false
76
91537.301399
91538.7516051667
22.2250003814697
4.0
91539.2516874167
91540.268763625
11.0050010681152
4.0
91540.9685557083
91541.368576625
-1.86500000953674
4.0
foy
3
false
77
91543.4688522917
91544.0022752917
3.00250053405762
4.0
91544.46894675
91545.3356815
12.0774993896484
4.0
91545.7856602917
91548.2360107083
22.1424999237061
4.0
