vgl
0
false
0
vgl
3
false
0
58551.5147128333
58552.681451375
21.0700016021729
4.0
58553.0147952083
58553.5982434167
9.27250003814697
4.0
58553.8648755
58554.198539125
10.0150003433228
4.0
xbc
3
false
1
58556.415478375
58557.231852625
21.3999996185303
4.0
58557.598731625
58558.03221275
3.00250053405762
4.0
58558.3151872917
58558.5819112083
5.47749996185303
4.0
mxi
4
false
2
58559.8822440417
58560.3154677083
15.2950000762939
4.0
58560.5986450417
58561.8489988333
19.0075016021729
4.0
58561.932173625
58562.1656265833
7.78749942779541
4.0
58562.4824074583
58562.715479625
-0.875
4.0
lvb
3
false
3
58564.0489147083
58564.582268875
12.1599998474121
4.0
58565.015842125
58565.932368375
20.0799999237061
4.0
58566.2657225833
58566.7157134583
3.41499996185303
4.0
jxc
3
false
4
58568.0163103333
58568.532702
9.19000053405762
4.0
58568.865978
58569.6664084167
24.2875003814697
4.0
58570.0325486667
58570.299267
2.09500026702881
4.0
xzf
3
false
5
58571.5328913333
58572.6661417083
19.0900001525879
4.0
58573.0826619583
58573.6662442917
26.1024990081787
4.0
58574.2828442917
58574.7331460417
4.07499980926514
4.0
ieb
3
false
6
58575.7165134167
58576.2996489167
8.28250026702881
4.0
58576.6666292083
58577.216785
5.23000049591064
4.0
58577.516429125
58577.766084
3.41499996185303
4.0
taa
11
false
7
58578.749865125
58580.216958125
15.1300010681152
4.0
58580.3334175
58580.6500092083
27.2574996948242
4.0
58581.0496813333
58581.4336955
6.38500022888184
4.0
58582.0000400833
58582.2001156667
7.29250049591064
4.0
58582.5166547083
58582.616621375
33.0
1.0
58582.5166547083
58582.9335170417
33.0
1.0
58582.5166547083
58583.2002563333
33.0
1.0
58582.5166547083
58583.4005135417
32.752498626709
1.0
58582.5166547083
58585.0672717083
18.0174999237061
4.0
58585.4337357917
58585.617260375
2.25999975204468
4.0
58585.8835837083
58586.0504440417
3.57999992370605
4.0
ick
3
false
8
58587.383797375
58588.167219625
6.05500030517578
4.0
58588.43378475
58588.75068825
6.30249977111816
4.0
58589.01711475
58589.617584
8.19999980926514
4.0
ahw
3
false
9
58590.7007996667
58591.0008258333
-1.78250002861023
4.0
58591.300786625
58591.750678875
5.23000049591064
4.0
58592.1006591667
58593.6007527917
21.3999996185303
4.0
umt
4
false
10
58595.2010401667
58595.667696375
32.6700019836426
1.0
58595.2010401667
58597.5513555417
18.3474998474121
4.0
58597.651170125
58598.0511157083
13.1499996185303
4.0
58598.3845325417
58599.15145925
20.3274993896484
4.0
tkv
3
false
11
58601.4013724167
58601.9014041667
19.1725006103516
4.0
58602.2346887917
58602.8349914167
10.2624998092651
4.0
58603.1849325417
58604.3685225417
21.1525001525879
4.0
cnz
3
false
12
58605.8851743333
58606.2185712083
12.4074993133545
4.0
58606.6349984167
58607.9518759583
15.0475006103516
4.0
58608.285097875
58609.3352112083
27.0925025939941
4.0
pmv
3
false
13
58611.0189087083
58611.8856057917
15.1300010681152
4.0
58612.2020037917
58612.7857965417
14.2224998474121
4.0
58613.03573525
58613.7187975833
21.3175010681152
4.0
hbp
3
false
14
58615.2690503333
58615.7024965833
9.10750007629395
4.0
58616.069280375
58616.6857057917
9.02500057220459
4.0
58617.1857706667
58618.1858844167
13.2325000762939
4.0
dnt
3
false
15
58619.6025633333
58620.1025817083
3.25
4.0
58620.6860319583
58621.73604675
11.1700000762939
4.0
58622.2693989167
58623.2361790417
16.1199989318848
4.0
sdf
3
false
16
58624.7364700417
58626.2199975833
16.1199989318848
4.0
58626.6198259167
58627.0531455833
4.07499980926514
4.0
58627.3030150417
58627.6367807083
8.44750022888184
4.0
zjf
3
false
17
58629.1199438333
58630.2532296667
23.0500011444092
4.0
58630.62009225
58631.1869970833
12.4899997711182
4.0
58631.5200067083
58632.353438625
11.0050010681152
4.0
wvz
3
false
18
58633.6538687917
58634.4370613333
22.2250003814697
4.0
58634.7700286667
58635.553799375
23.2975006103516
4.0
58635.870336125
58636.4704495417
27.3400001525879
4.0
uwh
3
false
19
58637.9538822917
58638.6871056667
18.0174999237061
4.0
58638.9204474167
58639.5376054167
23.4624996185303
4.0
58639.803934
58640.5206869167
10.5100002288818
4.0
exk
3
false
20
58642.0877182917
58642.3874954583
5.14750003814697
4.0
58642.7206295417
58644.6878292083
24.3699989318848
4.0
58645.0877524167
58645.720805875
12.1599998474121
4.0
oye
7
false
21
58647.0546338333
58647.9044454583
14.2224998474121
4.0
58648.1542410833
58649.4545207917
22.2250003814697
4.0
58649.7378845833
58650.1716089583
10.0150003433228
4.0
58650.604617
58652.204928
33.0
1.0
58650.604617
58654.6714587917
13.1499996185303
4.0
58655.02149575
58656.5049159583
23.2975006103516
4.0
58656.854942
58657.4882773333
10.3450002670288
4.0
sdl
3
false
22
58659.1219030417
58660.3719050833
16.0375003814697
4.0
58660.6553222917
58660.9721537917
5.23000049591064
4.0
58661.1885636667
58661.7885931667
12.0774993896484
4.0
fvu
3
false
23
58663.205586625
58663.822150625
11.0050010681152
4.0
58664.2054522083
58665.63897625
21.7299995422363
4.0
58665.93899325
58666.5889565417
25.1950016021729
4.0
dsr
3
false
24
58668.2224087083
58668.589257375
3.00250053405762
4.0
58668.9058303333
58669.722493875
18.1000003814697
4.0
58669.9223796667
58670.5562136667
19.2550010681152
4.0
jri
7
false
25
58671.9394815417
58672.3727115417
8.19999980926514
4.0
58672.5060746667
58672.68957825
2.01250028610229
4.0
58672.8560292083
58673.9064130417
32.9174995422363
1.0
58676.7563438333
58678.32300625
33.0
1.0
58676.7563438333
58680.0396825417
9.02500057220459
4.0
58680.3731622917
58681.2566892917
14.2224998474121
4.0
58681.590154125
58682.1067306667
9.19000053405762
4.0
jop
3
false
26
58683.8900623333
58684.723528625
10.4274997711182
4.0
58685.0903265833
58686.1401979583
13.0675010681152
4.0
58686.5069063333
58687.2237304583
14.0574989318848
4.0
poy
5
false
27
58696.491095375
58697.40801
15.1300010681152
4.0
58697.757969625
58699.0411891667
16.0375003814697
4.0
58699.3410965
58700.491171625
20.2449989318848
4.0
58700.707955
58701.4413370833
32.9174995422363
1.0
58700.707955
58702.6246434167
24.0399990081787
4.0
kyy
3
false
28
58704.3582690833
58705.0251302917
16.1199989318848
4.0
58705.408407875
58706.4919116667
24.2875003814697
4.0
58706.7749417083
58707.5250583333
23.3800010681152
4.0
zwh
3
false
29
58709.475112875
58710.808547875
22.0599994659424
4.0
58711.20882525
58712.0254446667
22.0599994659424
4.0
58712.30860275
58713.0088359583
12.0774993896484
4.0
exl
3
false
30
58714.6089733333
58714.9921514167
5.39499950408936
4.0
58715.3587814167
58716.1587880833
24.2875003814697
4.0
58716.4922042917
58717.108869625
13.0675010681152
4.0
qbx
5
false
31
58718.3091940417
58719.3763419167
16.1199989318848
4.0
58719.9259637917
58721.8761520417
10.0150003433228
4.0
58722.342669875
58722.5260370833
33.0
1.0
58722.342669875
58723.9262372083
-1.78250002861023
4.0
58724.4928440833
58725.726002
22.0599994659424
4.0
cmr
3
false
32
58727.4931713333
58727.9764787083
6.13749980926514
4.0
58728.359861375
58728.9931684167
13.3975009918213
4.0
58729.3430638333
58731.5099342917
17.1100006103516
4.0
hnp
4
false
33
58733.1598559167
58735.7100194583
33.0
1.0
58738.0269586667
58738.72688525
7.21000003814697
4.0
58739.2105420833
58740.2774176667
12.1599998474121
4.0
58740.560396375
58741.5105119167
17.0275001525879
4.0
ark
3
false
34
58743.7775708333
58744.0607500417
2.01250028610229
4.0
58744.560900375
58745.7442448333
15.0475006103516
4.0
58745.9944125417
58746.7608385417
13.3975009918213
4.0
qur
3
false
35
58748.177883
58749.0943849583
16.2849998474121
4.0
58749.4279348333
58750.144662875
21.1525001525879
4.0
58750.5112575417
58751.7611965417
15.0475006103516
4.0
gft
12
false
36
58755.1615414583
58755.4950592083
17.2749996185303
4.0
58755.7781263333
58756.22828025
33.0
1.0
58758.578297375
58759.36171375
6.22000026702881
4.0
58759.8451617917
58762.9618898333
33.0
1.0
58759.8451617917
58765.7956075
9.02500057220459
4.0
58766.2121979167
58766.895601375
6.22000026702881
4.0
58767.3124629583
58768.5792947917
17.1100006103516
4.0
58769.12900625
58769.362333125
33.0
1.0
58769.12900625
58775.2127868333
33.0
1.0
58769.12900625
58777.0964927917
9.10750007629395
4.0
58777.8631504583
58778.513226125
8.11750030517578
4.0
58778.929777625
58779.829831875
20.0799999237061
4.0
yue
3
false
37
58781.9798758333
58783.2133352083
25.3600006103516
4.0
58783.6632282917
58784.34676525
21.3999996185303
4.0
58784.6799517917
58785.046990375
10.1800003051758
4.0
xzl
5
false
38
58786.7469975
58788.213430625
21.0700016021729
4.0
58788.847065875
58789.0137034583
33.0
1.0
58791.1803078333
58792.1139199583
23.2150001525879
4.0
58792.447150625
58793.2318968333
25.0300006866455
4.0
58793.5973042917
58794.1306102083
13.0675010681152
4.0
ezh
12
false
39
59005.7279442917
59006.0948959167
10.2624998092651
4.0
59006.4279185
59007.8782755417
27.4225006103516
4.0
59008.1116792917
59008.7283477917
3.00250053405762
4.0
59009.0614955833
59010.0119707083
27.3400001525879
4.0
59010.3115876667
59010.3781871667
33.0
1.0
59010.3115876667
59010.9118136667
33.0
1.0
59010.3115876667
59011.1120239167
33.0
1.0
59010.3115876667
59011.378331125
33.0
1.0
59010.3115876667
59011.6950709583
33.0
1.0
59010.3115876667
59012.6786306667
4.15750026702881
4.0
59013.0118360833
59014.111861375
24.1224994659424
4.0
59014.2284330417
59014.7454795833
8.52999973297119
4.0
wmg
3
false
40
59016.5787122083
59017.2619260417
23.0500011444092
4.0
59017.5120195833
59017.8120752083
11.0874996185303
4.0
59018.0119694167
59019.745769375
11.4174995422363
4.0
ozj
3
false
41
59021.462557
59021.87905525
20.1625003814697
4.0
59022.1622864583
59022.562331875
25.1125011444092
4.0
59022.8623668333
59023.2126202083
8.44750022888184
4.0
pko
3
false
42
59024.2625810417
59024.8790638333
14.0574989318848
4.0
59025.1291272917
59026.7294484583
16.1199989318848
4.0
59027.0461575
59027.646112
15.2124996185303
4.0
fgy
3
false
43
59032.2963815417
59032.71308975
5.23000049591064
4.0
59033.063211125
59035.7303002917
12.0774993896484
4.0
59036.1634451667
59037.3133871667
22.0599994659424
4.0
tfu
3
false
44
59039.2969774583
59040.630257125
18.1000003814697
4.0
59040.93014725
59042.0972090833
10.0150003433228
4.0
59042.4969789583
59043.81377325
16.2849998474121
4.0
oli
3
false
45
59045.247191375
59046.0973079583
15.2950000762939
4.0
59046.4139346667
59047.0476257083
11.0874996185303
4.0
59047.3305762917
59047.8640136667
11.0874996185303
4.0
mir
3
false
46
59049.11403325
59049.7474043333
10.0150003433228
4.0
59050.031072125
59050.730782625
8.03500080108643
4.0
59051.0810590417
59052.964586
15.0475006103516
4.0
cxs
3
false
47
59054.0977357917
59054.4147489167
4.15750026702881
4.0
59054.7145634167
59055.66459875
20.0799999237061
4.0
59055.8811029583
59056.7312470833
17.1100006103516
4.0
qqm
3
false
48
59057.8315735
59059.248103125
15.3775005340576
4.0
59059.4980710833
59060.148192125
16.1199989318848
4.0
59060.3647572917
59060.8814432083
14.1399993896484
4.0
smd
3
false
49
59062.0651470833
59063.265025875
17.2749996185303
4.0
59063.5485525417
59064.04834225
12.2424983978271
4.0
59064.3150025
59064.6320434167
6.05500030517578
4.0
hic
3
false
50
59065.7820802917
59066.2985355417
8.03500080108643
4.0
59066.5818222917
59066.965274625
10.0150003433228
4.0
59067.26516625
59067.548586375
3.08500003814697
4.0
hcp
3
false
51
59068.7153967083
59069.1819913333
6.13749980926514
4.0
59069.448683875
59069.6822406667
4.32250022888184
4.0
59069.9486746667
59070.915556125
14.0574989318848
4.0
jvu
3
false
52
59071.8986910833
59072.7491940417
11.1700000762939
4.0
59073.116017875
59074.5490458333
19.2550010681152
4.0
59074.7658432917
59075.516103
20.3274993896484
4.0
byl
3
false
53
59077.0993839583
59079.1828844583
8.03500080108643
4.0
59079.81627425
59081.1997254167
22.2250003814697
4.0
59081.6661984167
59082.282864875
14.1399993896484
4.0
msn
3
false
54
59083.7997191667
59084.5663769167
12.4074993133545
4.0
59085.2165454167
59086.5331069583
17.0275001525879
4.0
59086.8833702083
59087.4499157917
15.2124996185303
4.0
ngd
3
false
55
59088.983281375
59089.6496907083
15.0475006103516
4.0
59089.9830414167
59090.4664346667
8.11750030517578
4.0
59090.8165975833
59091.1332315417
2.25999975204468
4.0
tsn
3
false
56
59092.28372225
59093.400283
18.0174999237061
4.0
59093.8005555833
59095.0835890833
17.0275001525879
4.0
59095.4002967917
59096.3504535
14.0574989318848
4.0
gtt
4
false
57
59097.7841175833
59100.2340739583
33.0
1.0
59097.7841175833
59101.4341677917
6.05500030517578
4.0
59101.8177615417
59102.717842
15.2124996185303
4.0
59102.7842047917
59103.1342743333
24.7824993133545
4.0
esw
3
false
58
59104.6677651667
59105.101307125
5.14750003814697
4.0
59105.4510509583
59106.3678281667
17.1925010681152
4.0
59106.7513605
59108.00119725
20.3274993896484
4.0
fud
3
false
59
59109.4516287083
59110.1850623333
8.19999980926514
4.0
59110.5516670417
59111.98498975
18.1824989318848
4.0
59112.334862
59113.2685076667
8.11750030517578
4.0
opz
3
false
60
59114.4519137917
59115.4683579583
12.0774993896484
4.0
59115.701852875
59116.468465625
14.0574989318848
4.0
59116.7850806667
59117.6352445833
26.1849994659424
4.0
qwa
3
false
61
59118.668937375
59119.68568475
15.4600009918213
4.0
59119.98539625
59121.0355350417
20.1625003814697
4.0
59121.3690703333
59121.635764125
-0.875
4.0
bae
5
false
62
59123.5361162917
59125.0862944167
33.0
1.0
59123.5361162917
59127.1859088333
0.279999732971191
4.0
59127.6026305
59127.9860668333
0.197499752044678
4.0
59128.5028565833
59129.1861908333
4.23999977111816
4.0
59129.735994375
59130.0862490417
3.08500003814697
4.0
hqn
3
false
63
59131.535993
59133.1864565833
6.05500030517578
4.0
59133.68630575
59134.9864137083
13.6450004577637
4.0
59135.5529582083
59136.220018875
14.0574989318848
4.0
ykw
3
false
64
59141.95367525
59145.33722175
24.0399990081787
4.0
59145.8370675
59147.154097625
13.3150005340576
4.0
59147.6040135417
59148.4876174167
21.0700016021729
4.0
coe
3
false
65
59150.35429625
59150.68770075
7.21000003814697
4.0
59151.0874216667
59152.037782875
13.1499996185303
4.0
59152.5374440833
59153.120702125
6.22000026702881
4.0
gji
4
false
66
59154.8879717083
59156.03779875
10.0975008010864
4.0
59156.404516875
59156.88780875
8.03500080108643
4.0
59157.321425
59158.0378459583
10.2624998092651
4.0
59158.3378564583
59158.7378804583
9.10750007629395
4.0
vau
3
false
67
59160.2047240833
59161.22139875
23.2150001525879
4.0
59161.654898625
59162.0050555
1.59999990463257
4.0
59162.421729
59163.488352875
18.0174999237061
4.0
lqn
3
false
68
59165.6052005
59166.5714335
12.1599998474121
4.0
59167.0055275417
59167.93850725
16.0375003814697
4.0
59168.338823875
59169.5557682917
13.0675010681152
4.0
rid
3
false
69
59171.005518625
59173.75562125
17.0275001525879
4.0
59174.1056062917
59174.5722334167
9.19000053405762
4.0
59174.8891415
59175.2392441667
5.06500053405762
4.0
jgr
3
false
70
59176.855992625
59177.505960625
10.3450002670288
4.0
59178.1560940833
59179.3060290833
4.07499980926514
4.0
59179.789346125
59181.2060894583
17.0275001525879
4.0
skv
3
false
71
59182.5896875833
59184.4063401667
17.4400005340576
4.0
59184.823225125
59185.3063297083
12.1599998474121
4.0
59185.5730009583
59186.3564027917
20.2449989318848
4.0
dwp
3
false
72
59188.0732897083
59188.47341075
11.2525005340576
4.0
59188.839884625
59189.8566395417
24.0399990081787
4.0
59190.1735109583
59190.8733932083
17.0275001525879
4.0
nra
3
false
73
59192.9237288333
59193.7903059583
14.3049983978271
4.0
59194.1736320833
59196.540631875
16.0375003814697
4.0
59196.9237244583
59197.257267875
3.00250053405762
4.0
gkq
3
false
74
59200.6240089167
59201.2907556667
7.04500007629395
4.0
59201.724241625
59202.4745924167
8.11750030517578
4.0
59203.00781225
59204.257872875
15.0475006103516
4.0
fjq
7
false
75
59206.2243880833
59206.8080054167
10.3450002670288
4.0
59207.14116725
59207.7910844583
9.19000053405762
4.0
59208.2081092083
59209.007966125
5.06500053405762
4.0
59209.07465625
59210.3414704583
27.3400001525879
4.0
59210.8579302083
59210.9580630833
33.0
1.0
59210.8579302083
59211.50837275
33.0
1.0
59210.8579302083
59213.0246693333
16.3674983978271
4.0
bby
3
false
76
59214.908312625
59215.22516025
2.01250028610229
4.0
59215.5583937917
59215.8419175833
2.09500026702881
4.0
59216.1083552917
59217.0250165833
22.0599994659424
4.0
loa
5
false
77
59219.1919077083
59220.12508175
33.0
1.0
59219.1919077083
59222.142135125
33.0
1.0
59224.2945643333
59225.0423138333
9.10750007629395
4.0
59225.3589513333
59225.859252625
12.1599998474121
4.0
59226.1926969167
59226.4594361667
1.43499994277954
4.0
fak
3
false
0
59397.970311875
59398.37032975
6.05500030517578
3.0
59398.6703870417
59398.9205835417
2.01250028610229
3.0
59399.2538252917
59399.9876207083
9.35500049591064
3.0
iqj
3
false
1
59402.58735325
59403.4042467917
9.35500049591064
3.0
59403.6540016667
59404.45428125
14.4699993133545
3.0
59404.6873851667
59405.12059325
12.0774993896484
3.0
jbb
3
false
2
59407.8709508333
59408.3376525417
13.3150005340576
3.0
59408.6375255833
59408.887972625
5.06500053405762
3.0
59409.170998625
59409.387931125
3.00250053405762
3.0
vwl
3
false
3
59411.0046112917
59411.8048015833
19.0075016021729
3.0
59411.987962125
59412.571254875
19.2550010681152
3.0
59412.7879951667
59413.2713052917
13.0675010681152
3.0
dzx
3
false
4
59415.1216454583
59415.4711615
7.04500007629395
3.0
59415.8549343333
59416.7881498333
23.2975006103516
3.0
59417.17162375
59418.004964375
22.0599994659424
3.0
qav
7
false
5
59419.0885472083
59419.7720357917
26.3500003814697
3.0
59420.1050333333
59420.5550954583
33.0
1.0
59420.1050333333
59422.205606125
2.59000015258789
3.0
59422.3719175
59422.988592125
33.0
1.0
59422.3719175
59424.3554607083
17.1925010681152
3.0
59424.6722965
59424.9222847083
3.16750049591064
3.0
59425.2051753333
59425.9554830833
24.0399990081787
3.0
rvx
3
false
6
59427.8059249167
59429.6889535
16.0375003814697
3.0
59430.0058367083
59430.8561126667
19.0900001525879
3.0
59431.0558867083
59431.5224825833
24.2049999237061
3.0
suz
5
false
7
59433.17283025
59433.8061077083
26.0200004577637
3.0
59434.1726536667
59434.2893215
33.0
1.0
59434.1726536667
59435.256323625
20.0799999237061
3.0
59435.572799625
59436.2394751667
19.0075016021729
3.0
59436.4228784583
59437.0061721667
25.0300006866455
3.0
pfe
3
false
8
59438.656329875
59439.539686375
14.4699993133545
3.0
59439.8229934583
59440.173268
8.03500080108643
3.0
59440.4899203333
59440.7398384167
4.07499980926514
3.0
fmm
3
false
9
59442.25666325
59443.1567807083
7.04500007629395
3.0
59443.4232822917
59443.7734349167
10.0975008010864
3.0
59443.989940875
59444.3235857917
15.4600009918213
3.0
top
9
false
10
59445.9568325417
59447.0235989167
24.3699989318848
3.0
59447.340358375
59447.440225375
33.0
1.0
59447.340358375
59448.373743
21.1525001525879
3.0
59448.65696925
59448.9570628333
8.44750022888184
3.0
59449.106952125
59449.3739154583
15.4600009918213
3.0
59449.5736661667
59449.6904659167
33.0
1.0
59449.5736661667
59450.0071893333
33.0
1.0
59449.5736661667
59451.2739748333
15.0475006103516
3.0
59451.5238999583
59451.9739354167
15.2124996185303
3.0
mgy
5
false
11
59452.7236714583
59453.6909294583
16.1199989318848
3.0
59454.0408947917
59456.1740125833
33.0
1.0
59454.0408947917
59458.5243327917
12.0774993896484
3.0
59458.8409037917
59459.3077042917
9.10750007629395
3.0
59459.64099425
59460.9243559167
25.0300006866455
3.0
wzk
5
false
12
59462.6248215417
59463.5744636667
22.3074989318848
3.0
59463.8078780833
59464.0581692083
32.9174995422363
1.0
59463.8078780833
59465.3080308333
21.1525001525879
3.0
59465.5911968333
59466.35806075
24.0399990081787
3.0
59466.5759181667
59467.0414378333
11.3350009918213
3.0
grd
7
false
13
59468.3252020417
59469.7919473333
11.0050010681152
3.0
59469.9416115417
59470.3919607917
27.2574996948242
3.0
59470.6247562917
59470.69150375
33.0
1.0
59470.6247562917
59471.108402
33.0
1.0
59470.6247562917
59472.008862125
7.375
3.0
59472.3085589583
59473.0587989583
17.1100006103516
3.0
59473.3252879583
59473.6588006667
9.02500057220459
3.0
sal
3
false
14
59474.9920466667
59476.1256705
16.0375003814697
3.0
59476.375527625
59476.6587522083
1.10500001907349
3.0
59476.9089030417
59477.3255435
14.1399993896484
3.0
cwq
3
false
15
59478.492261125
59478.825938875
4.15750026702881
3.0
59479.1422765
59479.9758774167
20.2449989318848
3.0
59480.225898
59480.9761869583
18.0174999237061
3.0
hsm
3
false
16
59482.27598725
59482.8427672917
9.10750007629395
3.0
59483.1259764167
59483.8758742083
20.1625003814697
3.0
59484.192714875
59484.6094487917
14.3049983978271
3.0
phf
3
false
17
59485.92617975
59487.4763551667
15.0475006103516
3.0
59487.8095874583
59488.3768134583
8.11750030517578
3.0
59488.609619875
59488.9263289167
6.22000026702881
3.0
iex
3
false
18
59490.3764065417
59490.876594125
7.29250049591064
3.0
59491.1599732917
59491.476634625
7.04500007629395
3.0
59491.7097371667
59492.3765435417
23.4624996185303
3.0
lfo
3
false
19
59493.8100645
59494.3600695
12.2424983978271
3.0
59494.6099805833
59495.1935667083
8.03500080108643
3.0
59495.6433212917
59496.3768830417
17.0275001525879
3.0
xvd
10
false
20
59497.7936577917
59498.743154625
22.0599994659424
3.0
59499.0272120833
59500.37702525
21.0700016021729
3.0
59500.4771589583
59502.176950625
27.2574996948242
3.0
59502.310411
59502.3769692917
33.0
1.0
59502.310411
59502.84378025
33.0
1.0
59502.310411
59505.544255125
32.752498626709
1.0
59502.310411
59505.9108173333
33.0
1.0
59502.310411
59508.31082925
25.1125011444092
3.0
59508.661079375
59510.0609592917
20.0799999237061
3.0
59510.3776847083
59511.0276045
9.10750007629395
3.0
wmm
3
false
21
59512.5445113333
59514.627853625
21.0700016021729
3.0
59514.8611970417
59515.2946539583
13.2325000762939
3.0
59515.5113617917
59515.8612555417
15.4600009918213
3.0
yts
8
false
22
59517.494980625
59518.4947072917
22.0599994659424
3.0
59518.9448875
59520.3615860833
21.4825000762939
3.0
59520.694911375
59521.3452112083
19.0900001525879
3.0
59521.6950557917
59522.3450747083
33.0
1.0
59521.6950557917
59522.8451338333
33.0
1.0
59521.6950557917
59523.9617335417
26.0200004577637
3.0
59524.1285491667
59524.878497375
22.1424999237061
3.0
59525.1287927083
59525.745309125
20.4924983978271
3.0
znr
3
false
23
59527.4457984583
59528.12874225
27.0100021362305
3.0
59528.5123482917
59529.2956290417
13.0675010681152
3.0
59529.645709
59531.2457131667
19.1725006103516
3.0
lhb
5
false
24
59532.6126055
59533.3792431667
9.02500057220459
3.0
59533.6792335833
59535.0961345833
33.0
1.0
59533.6792335833
59536.6793596667
11.0874996185303
3.0
59537.0294391667
59537.4127599583
8.19999980926514
3.0
59537.729387
59538.063091875
4.15750026702881
3.0
osp
5
false
25
59539.4463467083
59540.2132737083
16.2849998474121
3.0
59540.5630822917
59540.8465478333
2.17750024795532
3.0
59541.163091125
59541.91313825
33.0
1.0
59541.163091125
59543.097681
18.0174999237061
3.0
59543.3309682917
59543.79769625
14.2224998474121
3.0
xgj
9
false
26
59545.1631851667
59546.1132477917
20.0799999237061
3.0
59546.430152875
59546.596954375
33.0
1.0
59546.430152875
59546.9802154583
33.0
1.0
59546.430152875
59548.0801472917
23.2150001525879
3.0
59548.3300023333
59549.41351075
33.0
1.0
59548.3300023333
59552.9136436667
33.0
1.0
59548.3300023333
59555.7306613333
24.0399990081787
3.0
59556.2806715417
59557.1476885833
7.12750053405762
3.0
59557.4976437083
59558.0138155417
13.1499996185303
3.0
gqg
3
false
27
59574.9986549167
59575.7156482917
7.29250049591064
3.0
59576.065628
59577.2320627917
16.2024993896484
3.0
59577.5823612917
59578.132128125
8.03500080108643
3.0
iih
3
false
28
59579.7659047083
59580.348941
8.03500080108643
3.0
59580.5989979167
59580.932483625
9.19000053405762
3.0
59581.1322132083
59581.4325141667
11.1700000762939
3.0
owj
3
false
29
59582.9825537083
59583.9491815833
11.0050010681152
3.0
59584.2826530833
59584.9825305833
21.0700016021729
3.0
59585.1992949167
59585.5662034583
12.0774993896484
3.0
fel
11
false
30
59587.0663317917
59587.5824614167
6.22000026702881
3.0
59587.8658015
59588.1829321667
5.14750003814697
3.0
59588.4161480833
59589.7497745
15.3775005340576
3.0
59589.8498162917
59590.1831263333
6.13749980926514
3.0
59590.6498772083
59591.16643125
33.0
1.0
59590.6498772083
59591.3996192083
33.0
1.0
59590.6498772083
59591.6996815417
33.0
1.0
59590.6498772083
59591.96637825
33.0
1.0
59590.6498772083
59592.9498930417
8.03500080108643
3.0
59593.2163945417
59593.499839125
6.05500030517578
3.0
59593.7830810417
59594.5001169583
25.5249996185303
3.0
axn
3
false
31
59595.9835516667
59596.2335156667
0.362499713897705
3.0
59596.5500198333
59597.2000891667
27.4225006103516
3.0
59597.5000307917
59598.6334015
14.0574989318848
3.0
occ
3
false
32
59599.767196875
59600.55024775
15.2124996185303
3.0
59600.800443625
59601.1004180833
5.23000049591064
3.0
59601.2836325
59601.483730875
5.23000049591064
3.0
heh
3
false
33
59602.534010625
59603.350666875
8.03500080108643
3.0
59603.7174752917
59604.1004490833
4.07499980926514
3.0
59604.33385625
59604.6339160417
7.12750053405762
3.0
luy
3
false
34
59605.7676000833
59606.350784875
9.35500049591064
3.0
59606.6506470833
59607.4674025
20.1625003814697
3.0
59607.6675568333
59608.7008974167
22.0599994659424
3.0
qct
3
false
35
59609.9842449167
59611.1511665417
17.1100006103516
3.0
59611.4342861667
59611.850983
6.05500030517578
3.0
59612.1509604167
59613.0343974167
18.1824989318848
3.0
ftg
3
false
36
59614.218038
59615.8015339583
9.10750007629395
3.0
59616.151241875
59617.051305875
16.2849998474121
3.0
59617.3845360833
59618.7016370833
8.03500080108643
3.0
nyn
3
false
37
59620.0682133333
59620.8351727917
14.4699993133545
3.0
59621.0850133333
59621.80170625
26.1024990081787
3.0
59622.0182934583
59622.6019985
15.2950000762939
3.0
vdk
3
false
38
59625.051904625
59626.06886225
21.0700016021729
3.0
59626.43514725
59626.7522974167
4.07499980926514
3.0
59627.1020724167
59627.7186745
10.1800003051758
3.0
scy
3
false
39
59706.9574221667
59708.2076519583
19.0075016021729
3.0
59708.7740557917
59709.0741895
3.08500003814697
3.0
59709.3904353333
59710.2407321667
25.0300006866455
3.0
azk
3
false
40
59711.8742517083
59712.174387875
0.115000247955322
3.0
59712.4744707083
59713.191242
26.5149993896484
3.0
59713.4575859167
59713.8745804583
9.4375
3.0
isj
3
false
41
59715.124607125
59715.8248035833
9.35500049591064
3.0
59716.1245073333
59716.8248497083
17.0275001525879
3.0
59717.0412095417
59717.4912554167
9.10750007629395
3.0
lrm
5
false
42
59718.9413993333
59719.3917914167
11.0050010681152
3.0
59719.6247965833
59720.1581043333
11.0050010681152
3.0
59720.5583527917
59720.9749189167
33.0
1.0
59720.5583527917
59722.7584817917
15.2124996185303
3.0
59723.125035875
59723.59152775
12.1599998474121
3.0
azv
3
false
43
59725.525188375
59725.7587040417
3.00250053405762
3.0
59726.0586495833
59727.0254899583
22.3899993896484
3.0
59727.4753416667
59728.7587524583
21.3999996185303
3.0
rik
10
false
44
59731.175835625
59732.6089474167
15.0475006103516
3.0
59732.8756826667
59733.2925842083
9.02500057220459
3.0
59733.50909225
59735.1257207083
33.0
1.0
59733.50909225
59738.559242
33.0
1.0
59741.992648375
59743.1095409583
20.0799999237061
3.0
59743.5931594167
59752.8937659167
16.0375003814697
3.0
59753.3601981667
59753.526925125
33.0
1.0
59753.3601981667
59779.7289180833
9.51999950408936
3.0
59780.0954479583
59780.7957552083
12.4074993133545
3.0
59781.26196625
59781.4289355417
-2.9375
3.0
ubg
5
false
45
59783.69568575
59784.89596425
18.0174999237061
3.0
59785.2957975417
59785.7958786667
2.09500026702881
3.0
59785.879163625
59785.9791344167
0.115000247955322
3.0
59786.57934175
59786.9125334167
33.0
1.0
59786.57934175
59789.412613625
12.3249988555908
3.0
yuk
3
false
46
59792.2458312917
59793.262908875
23.0500011444092
3.0
59793.5795921667
59794.3296265417
17.0275001525879
3.0
59794.5304169583
59794.9299422917
12.0774993896484
3.0
qtu
3
false
47
59796.6131240417
59797.1464598333
16.0375003814697
3.0
59797.4967241667
59798.4798916667
16.1199989318848
3.0
59798.8466164167
59799.246794625
26.3500003814697
3.0
zcq
3
false
48
59801.1301869167
59802.1801468333
25.3600006103516
3.0
59802.4970469167
59802.9138256667
1.10500001907349
3.0
59803.2135704167
59803.9636204167
16.2024993896484
3.0
eec
3
false
49
59805.6800857917
59806.147341875
4.40499973297119
3.0
59806.3638397083
59806.5305381667
3.57999992370605
3.0
59806.7139145417
59806.9139004583
5.64249992370605
3.0
uej
3
false
50
59808.630781625
59809.5142018333
18.1000003814697
3.0
59809.7475355
59810.2142085
6.22000026702881
3.0
59810.5642323333
59810.930592375
8.28250026702881
3.0
qdh
3
false
51
59813.9476285833
59814.4142387083
21.2350006103516
3.0
59814.647618875
59814.9477419583
5.06500053405762
3.0
59815.1977189167
59815.4978860833
7.04500007629395
3.0
rwv
3
false
52
59817.1311968333
59817.9481215
19.0900001525879
3.0
59818.3478118333
59819.06478225
22.0599994659424
3.0
59819.3645467083
59820.0646587917
23.2150001525879
3.0
tln
8
false
53
59821.2981810833
59821.6983190833
7.04500007629395
3.0
59821.831447125
59821.9482305417
0.0325002670288086
3.0
59822.114899125
59822.6984877083
33.0
1.0
59822.114899125
59823.014869375
32.6700019836426
1.0
59822.114899125
59823.148248
33.0
1.0
59822.114899125
59824.348565125
19.2550010681152
3.0
59824.5482525417
59824.9649861667
9.19000053405762
3.0
59825.181317
59825.58166225
12.4899997711182
3.0
dbu
3
false
54
59827.015114
59827.331584375
5.3125
3.0
59827.6317947917
59827.965463
5.39499950408936
3.0
59828.248802375
59828.8656014167
22.2250003814697
3.0
aiw
3
false
55
59830.2487905833
59830.4321262917
4.56999969482422
3.0
59830.71571075
59830.99866675
8.19999980926514
3.0
59831.2155098333
59831.932204625
22.2250003814697
3.0
pvx
9
false
56
59834.4825086667
59835.049053125
14.1399993896484
3.0
59835.3159301667
59836.0492154583
20.0799999237061
3.0
59836.3490248333
59837.0824173333
27.0925025939941
3.0
59839.6665355
59839.6992828333
33.0
1.0
59839.6665355
59841.6496505
23.2150001525879
3.0
59841.782742625
59841.832753125
33.0
1.0
59841.782742625
59843.066318
16.5324993133545
3.0
59843.3329707083
59844.0829122083
21.3175010681152
3.0
59844.3496198333
59844.8650044167
23.2150001525879
3.0
npi
3
false
57
59846.483267125
59847.1165471667
12.1599998474121
3.0
59847.3498561667
59848.41668625
18.1000003814697
3.0
59848.7664644167
59849.1834588333
9.10750007629395
3.0
ojw
3
false
58
59850.7835271667
59851.36701375
14.3049983978271
3.0
59851.566621125
59851.8501371667
7.04500007629395
3.0
59852.0167393333
59852.2835880833
9.68499946594238
3.0
rng
3
false
59
59857.48396675
59858.1673890833
18.1000003814697
3.0
59858.5339672083
59859.117408
12.4074993133545
3.0
59859.3840789583
59859.8505722917
6.05500030517578
3.0
uop
3
false
60
59861.9509735833
59862.6507210417
21.2350006103516
3.0
59862.900767125
59863.6674436667
19.1725006103516
3.0
59864.000812
59864.3845490417
14.1399993896484
3.0
qnw
3
false
61
59866.2676035
59867.3344573333
16.0375003814697
3.0
59867.734633625
59868.3513712917
14.2224998474121
3.0
59868.5678493333
59869.5179363333
24.1224994659424
3.0
kjo
3
false
62
59871.201296875
59871.5850528333
15.5424995422363
3.0
59872.0013644167
59872.5350428333
10.2624998092651
3.0
59872.8014642917
59873.4014317917
14.3874988555908
3.0
orf
10
false
63
59875.0853711667
59876.1184813333
11.1700000762939
3.0
59876.2685388333
59876.701665
33.0
1.0
59876.2685388333
59877.0852062917
33.0
1.0
59876.2685388333
59878.15220525
13.0675010681152
3.0
59878.4855589167
59879.7018135417
17.0275001525879
3.0
59880.035423125
59885.8855245833
33.0
1.0
59880.035423125
59886.735805375
33.0
1.0
59880.035423125
59888.9691694167
14.2224998474121
3.0
59889.319359375
59891.419548625
15.0475006103516
3.0
59891.6860832917
59892.9029644583
6.38500022888184
3.0
xyd
3
false
64
59895.7199765
59896.4365542917
21.0700016021729
3.0
59896.619559875
59897.303313375
24.3699989318848
3.0
59897.5029715833
59897.669776875
1.51750040054321
3.0
fjb
6
false
65
59899.2864622083
59899.686751125
6.05500030517578
3.0
59899.9365326667
59900.2699919167
10.2624998092651
3.0
59900.4366202083
59900.6702637083
7.62249946594238
3.0
59905.036945625
59905.5702305
2.42499971389771
3.0
59905.9036360417
59906.203832625
7.12750053405762
3.0
59906.420012875
59906.6201079167
4.23999977111816
3.0
ykp
5
false
66
59911.4542142917
59912.1706884167
27.5050010681152
3.0
59912.5879985833
59912.7040600417
32.8349990844727
1.0
59912.5879985833
59914.104420375
25.0300006866455
3.0
59914.3045523333
59914.6710374583
8.19999980926514
3.0
59914.9041024583
59915.4875474583
18.1824989318848
3.0
end
3
false
67
59917.0044745833
59917.5212975
9.35500049591064
3.0
59917.9710126667
59918.6046675417
11.1700000762939
3.0
59918.9046944167
59919.2044324583
1.26999998092651
3.0
xka
3
false
68
59921.5049210417
59922.4546995
24.5349998474121
3.0
59922.9213742917
59924.4714880417
11.0874996185303
3.0
59924.8383664583
59925.0717858333
4.07499980926514
3.0
tzh
19
false
69
59927.105383625
59928.1886921667
18.1824989318848
3.0
59928.505086125
59931.1888453333
27.5050010681152
3.0
59931.722025375
59932.688637125
33.0
1.0
59931.722025375
59935.2722934583
33.0
1.0
59931.722025375
59936.2062065
9.02500057220459
3.0
59936.40589225
59936.8058877917
5.06500053405762
3.0
59937.0723620833
59937.1723949583
33.0
1.0
59937.0723620833
59937.4390691667
33.0
1.0
59937.0723620833
59937.6723332083
33.0
1.0
59937.0723620833
59939.0890918333
20.3274993896484
3.0
59939.3558911667
59940.739180125
25.1125011444092
3.0
59941.3561847917
59941.7392147917
33.0
1.0
59941.3561847917
59943.1729745417
20.2449989318848
3.0
59943.5729510417
59944.7727265833
25.0300006866455
3.0
59945.239687
59946.0397269583
3.00250053405762
3.0
59946.83974775
59947.2398181667
-0.957499980926514
3.0
59948.0564267083
59949.1897862083
18.2649993896484
3.0
59949.5232265
59950.6061512917
24.1224994659424
3.0
59950.8728209583
59951.4229279583
8.03500080108643
3.0
mzi
3
false
70
59953.7730481667
59954.623696875
14.1399993896484
3.0
59955.0568404583
59956.3904954167
25.2775001525879
3.0
59956.6402791667
59957.4402788333
11.0874996185303
3.0
teu
3
false
71
59960.4246332083
59961.2740620417
17.3575000762939
3.0
59961.7406189583
59962.1909123333
3.00250053405762
3.0
59962.524062125
59963.3406797083
20.4924983978271
3.0
dcy
3
false
72
59964.7578502917
59965.0405452083
8.11750030517578
3.0
59965.4410536667
59965.6410647917
3.25
3.0
59965.9911035833
59966.7909245833
24.0399990081787
3.0
rbm
3
false
73
59968.4411404583
59969.6078215833
16.2849998474121
3.0
59969.9078372083
59970.7914108333
6.05500030517578
3.0
59971.34134925
59971.9248306667
12.0774993896484
3.0
gcl
3
false
74
59974.358161375
59974.8248598333
4.07499980926514
3.0
59975.1414293333
59975.558177125
3.00250053405762
3.0
59975.85842375
59976.341531
11.1700000762939
3.0
phb
3
false
75
59978.4919419583
59980.6086681667
15.1300010681152
3.0
59981.0082031667
59981.5249163333
6.13749980926514
3.0
59981.7249264167
59981.9083725833
4.32250022888184
3.0
bas
3
false
76
59983.6755920833
59983.8084375417
-0.462500095367432
3.0
59984.108968875
59984.2755401667
2.6725001335144
3.0
59984.5086989167
59985.242517125
20.0799999237061
3.0
stv
3
false
77
59987.2423689583
59987.8090057083
18.1000003814697
3.0
59987.9257901667
59988.4425969167
18.1000003814697
3.0
59988.709061625
59989.0927272083
21.0700016021729
3.0
