xiq
0
false
0
xiq
3
false
0
15948.9226019167
15950.0227615417
20.4924983978271
4.0
15950.4224864167
15950.7728869583
15.2124996185303
4.0
15951.1894453333
15951.8394928333
20.0799999237061
4.0
czv
3
false
1
15955.8231870833
15956.27329125
4.07499980926514
4.0
15956.573331
15957.7564851667
22.0599994659424
4.0
15958.2730215417
15958.973217625
22.3899993896484
4.0
lno
3
false
2
15962.0403705417
15962.64033775
11.0874996185303
4.0
15962.90682825
15963.3734757083
12.0774993896484
4.0
15963.6402119167
15964.07358475
16.2024993896484
4.0
vir
3
false
3
15966.740675125
15967.3739359167
20.1625003814697
4.0
15967.9405647083
15968.3402389583
11.1700000762939
4.0
15968.9910797917
15970.2909977917
15.3775005340576
4.0
dma
3
false
4
15972.8074602917
15973.090845875
2.09500026702881
4.0
15973.4410513333
15974.02419625
9.35500049591064
4.0
15974.3741060417
15974.6411360833
5.3125
4.0
ptj
3
false
5
15977.6576795833
15978.8078700417
12.0774993896484
4.0
15979.5915283333
15980.2746788333
19.3374996185303
4.0
15980.8413132083
15981.2916675
10.2624998092651
4.0
fcq
3
false
6
15983.775222625
15984.2082947917
8.11750030517578
4.0
15984.5582520417
15984.8583542917
4.32250022888184
4.0
15985.4249577083
15985.9750752083
16.0375003814697
4.0
huy
3
false
7
15989.108126875
15989.492085125
7.12750053405762
4.0
15990.008847375
15990.6254313333
20.3274993896484
4.0
15990.9252055
15991.592005625
22.1424999237061
4.0
gtm
3
false
8
15993.4252756667
15993.758528125
7.29250049591064
4.0
15994.3755241667
15994.9425569583
18.2649993896484
4.0
15995.3258970833
15995.8085984167
10.1800003051758
4.0
tuk
3
false
9
15998.6258022917
15999.3926245833
16.1199989318848
4.0
15999.6925717083
16000.2758562083
20.2449989318848
4.0
16000.7258204167
16001.2093615
10.0150003433228
4.0
gaj
3
false
10
16003.5593202083
16004.0428867083
7.04500007629395
4.0
16004.3927821667
16004.6263994167
2.17750024795532
4.0
16005.14311475
16005.5430134583
8.11750030517578
4.0
ohc
3
false
11
16007.57654925
16008.2934137917
15.2950000762939
4.0
16008.726516875
16009.2433919583
7.21000003814697
4.0
16009.6766855417
16009.9601065
5.14750003814697
4.0
ywz
3
false
12
16011.6267390417
16012.2933673333
23.2975006103516
4.0
16012.67690725
16013.9433327083
19.2550010681152
4.0
16014.3101556667
16014.593588625
33.0
1.0
nqe
3
false
13
16017.6757162917
16018.943943
10.0150003433228
4.0
16019.343913625
16020.2438684167
13.1499996185303
4.0
16020.777335125
16021.160942875
3.08500003814697
4.0
yql
3
false
14
16023.977573875
16025.1442376667
21.1525001525879
4.0
16026.2778022917
16027.0612764583
14.1399993896484
4.0
16027.5112826667
16028.011046125
12.2424983978271
4.0
qnr
3
false
15
16044.7289820833
16045.4625192917
17.0275001525879
4.0
16046.079085
16046.8625220833
12.2424983978271
4.0
16047.6788928333
16048.7125871667
19.1725006103516
4.0
ycf
3
false
16
16050.6126238333
16051.3961402083
22.2250003814697
4.0
16052.2628298333
16052.5795534167
3.00250053405762
4.0
16052.9961204583
16053.363052
7.12750053405762
4.0
sba
3
false
17
16055.7629755417
16056.5461205
16.2849998474121
4.0
16056.9297749167
16057.7132228333
1.26999998092651
4.0
16058.0963300833
16058.296366875
2.50750017166138
4.0
mvn
3
false
18
16060.2466872083
16060.7967974583
12.2424983978271
4.0
16061.1131814583
16061.94682025
18.1824989318848
4.0
16062.3465739167
16062.7800399167
17.1925010681152
4.0
zgb
3
false
19
16064.6634951667
16065.3803145833
23.0500011444092
4.0
16065.830363625
16066.196916375
9.10750007629395
4.0
16066.546856375
16066.747147125
3.41499996185303
4.0
wgj
3
false
20
16068.8974030833
16069.93069025
19.1725006103516
4.0
16070.447286875
16070.83087675
8.36499977111816
4.0
16071.1805036667
16071.5473347917
9.19000053405762
4.0
zcg
3
false
21
16073.6477222083
16074.2476931667
24.2049999237061
4.0
16074.6476765417
16074.8806522917
5.64249992370605
4.0
16075.381000125
16075.63110225
7.04500007629395
4.0
lhi
3
false
22
16077.5143685417
16077.964334375
11.0874996185303
4.0
16078.4645395
16078.8809889167
5.06500053405762
4.0
16079.1143889583
16079.4312252917
7.04500007629395
4.0
jgb
3
false
23
16082.3815545
16082.7815622083
13.2325000762939
4.0
16083.097994625
16083.3314249583
6.22000026702881
4.0
16083.714646625
16083.9648547083
3.00250053405762
4.0
xce
3
false
24
16085.9983945833
16087.4652548333
24.0399990081787
4.0
16087.798258875
16088.0484358333
5.23000049591064
4.0
16088.2982262083
16088.5653035417
5.14750003814697
4.0
drr
3
false
25
16090.28187975
16090.5153774167
2.59000015258789
4.0
16091.431743
16092.2321535
16.0375003814697
4.0
16092.448633875
16092.81556675
18.1824989318848
4.0
jtx
3
false
26
16095.248825875
16095.665734
11.1700000762939
4.0
16096.448805625
16096.9822483333
18.1000003814697
4.0
16097.2654619167
16097.9990562083
22.5549983978271
4.0
znj
3
false
27
16100.8823473333
16101.5993338333
24.1224994659424
4.0
16102.1160414167
16102.7997283333
12.1599998474121
4.0
16103.1993437917
16103.6829534167
11.0050010681152
4.0
xmu
3
false
28
16105.716455375
16106.449560375
22.4724998474121
4.0
16106.8497806667
16107.2832011667
11.0874996185303
4.0
16107.7164411667
16108.6163300417
20.0799999237061
4.0
pvk
3
false
29
16112.00007225
16112.78358
15.2124996185303
4.0
16113.0832150833
16113.7668505
22.1424999237061
4.0
16114.1170283333
16114.5670122917
12.4074993133545
4.0
oxo
3
false
30
16116.5667751667
16117.333575875
20.1625003814697
4.0
16117.633519125
16118.4169979167
22.0599994659424
4.0
16118.6835990417
16119.3002934167
14.1399993896484
4.0
slh
3
false
31
16121.1673129167
16122.0672100833
16.2849998474121
4.0
16122.3338831667
16122.7674262083
10.2624998092651
4.0
16123.2174865417
16123.7175275417
11.5825004577637
4.0
omw
3
false
32
16125.7508844583
16126.6677194583
10.1800003051758
4.0
16127.01775125
16128.501288125
11.1700000762939
4.0
16128.9342770833
16129.6177365833
21.0700016021729
4.0
lkr
3
false
33
16131.6681055
16132.1512914583
13.1499996185303
4.0
16132.40125975
16132.7848047083
9.27250003814697
4.0
16133.3514256667
16134.16685425
15.2950000762939
4.0
exy
3
false
34
16136.33476075
16136.6517856667
4.40499973297119
4.0
16136.9848385
16137.801671
21.1525001525879
4.0
16138.0515735
16138.734061875
23.2975006103516
4.0
byr
3
false
35
16140.8852460417
16141.2020424583
2.34249973297119
4.0
16141.5018270417
16142.3352612083
25.0300006866455
4.0
16143.1854607917
16143.75178225
19.2550010681152
4.0
ktw
3
false
36
16146.302244875
16146.8524775417
10.0975008010864
4.0
16147.2855669167
16148.0022384167
18.3474998474121
4.0
16148.2522459167
16148.9343237083
22.5549983978271
4.0
eql
3
false
37
16150.9524361667
16151.2694681667
3.25
4.0
16151.8858305417
16152.436128875
16.0375003814697
4.0
16153.2361077083
16153.653061
14.4699993133545
4.0
xxp
3
false
38
16155.2031560417
16155.869501
22.3074989318848
4.0
16156.1360619583
16156.6364183333
22.3074989318848
4.0
16157.4196621667
16157.918345125
18.3474998474121
4.0
oit
3
false
39
16160.6867233333
16161.2364515833
12.2424983978271
4.0
16161.6033555833
16162.0033397917
9.10750007629395
4.0
16162.63672525
16163.2519305417
16.2849998474121
4.0
wip
3
false
40
16165.7200956667
16166.287088625
21.1525001525879
4.0
16166.75362525
16167.0871313333
15.4600009918213
4.0
16167.6203585
16168.6703045
13.1499996185303
4.0
cvg
3
false
41
16170.6537610833
16170.9202325833
6.46749973297119
4.0
16171.4374200833
16172.2536843333
19.0900001525879
4.0
16172.770608875
16173.1538950417
6.22000026702881
4.0
zwv
3
false
42
16175.1876999167
16175.95410625
23.0500011444092
4.0
16176.23765425
16177.0709981667
20.0799999237061
4.0
16177.287499625
16177.9196488333
20.0799999237061
4.0
hec
3
false
43
16181.02147675
16181.4377472083
9.19000053405762
4.0
16181.8212358333
16182.204807875
3.08500003814697
4.0
16182.638092
16182.8380737083
1.1875
4.0
ehi
3
false
44
16184.9713854167
16185.33827775
2.09500026702881
4.0
16185.6714507083
16186.1548223333
5.06500053405762
4.0
16186.4881786667
16186.9536724167
7.04500007629395
4.0
ufk
3
false
45
16189.021630875
16189.6885487083
19.3374996185303
4.0
16190.1552107083
16190.4552025
8.19999980926514
4.0
16190.955120375
16191.3883525833
11.0050010681152
4.0
bnh
3
false
46
16194.50556875
16194.7890234583
3.25
4.0
16195.30537375
16196.1221083333
12.3249988555908
4.0
16196.4387745417
16196.9220940833
8.19999980926514
4.0
dnd
3
false
47
16198.7891741667
16199.1726783333
3.00250053405762
4.0
16199.488953125
16200.1894197917
12.2424983978271
4.0
16200.5059676667
16200.856012375
5.06500053405762
4.0
rzu
3
false
48
16203.205891
16203.7559318333
15.2950000762939
4.0
16204.0059210833
16204.8726067917
26.1849994659424
4.0
16205.1894608333
16205.7715665417
20.1625003814697
4.0
tfm
3
false
49
16208.1897475
16209.0396764583
18.0174999237061
4.0
16209.5062259583
16209.873236
8.28250026702881
4.0
16210.189631375
16210.8067144583
11.0874996185303
4.0
zur
3
false
50
16212.7730645
16213.4065594583
25.0300006866455
4.0
16213.6898399583
16214.4066085833
18.0174999237061
4.0
16214.823623
16215.6066225833
15.1300010681152
4.0
ptv
3
false
51
16217.457024625
16218.0736549583
14.3049983978271
4.0
16218.523735125
16219.2069356667
17.1100006103516
4.0
16219.4735527917
16220.0891376667
20.1625003814697
4.0
oqo
3
false
52
16221.990630875
16222.5738358333
14.0574989318848
4.0
16222.857323125
16223.407204875
16.2849998474121
4.0
16223.70717075
16224.274009125
15.2950000762939
4.0
ldz
3
false
53
16226.6241960417
16227.10768325
12.1599998474121
4.0
16227.4074712917
16227.6912261667
4.15750026702881
4.0
16228.0911045417
16228.8742079167
23.1325016021729
4.0
hns
3
false
54
16231.3579126667
16231.8413619167
8.03500080108643
4.0
16232.15782325
16232.8748052083
11.2525005340576
4.0
16233.2081582083
16234.1746138333
18.0174999237061
4.0
hgy
3
false
55
16236.7583031667
16237.1581097917
7.04500007629395
4.0
16237.5247740417
16237.9581276667
6.05500030517578
4.0
16238.274874875
16239.0082148333
25.1950016021729
4.0
uki
3
false
56
16241.9586332917
16242.6919287083
20.2449989318848
4.0
16242.958378625
16243.4256041667
12.0774993896484
4.0
16243.6752225833
16244.0252432917
8.28250026702881
4.0
xfl
3
false
57
16246.875639875
16247.8254690833
21.0700016021729
4.0
16248.1921621667
16248.79238025
7.375
4.0
16249.059038
16249.5926049583
10.0150003433228
4.0
sfe
3
false
58
16251.559204125
16252.6260607917
16.2849998474121
4.0
16252.976057625
16253.39275
6.05500030517578
4.0
16253.6257765833
16253.9428309167
4.07499980926514
4.0
qwj
3
false
59
16256.7930795
16257.659530875
14.1399993896484
4.0
16258.0094610417
16259.1764727917
21.5650005340576
4.0
16259.55965825
16260.0762562917
12.2424983978271
4.0
evl
3
false
60
16262.0598984583
16262.409941875
3.08500003814697
4.0
16262.6764615833
16263.7432497917
18.0174999237061
4.0
16263.9765702917
16264.4598875833
11.0874996185303
4.0
sku
3
false
61
16266.3769413333
16267.0434192083
18.1000003814697
4.0
16267.3100747083
16267.7434957083
10.2624998092651
4.0
16268.043699875
16268.9268800417
19.0900001525879
4.0
bby
3
false
62
16270.8271720833
16270.9771747917
-1.86500000953674
4.0
16271.2770875
16271.5270162083
3.08500003814697
4.0
16271.96036825
16272.76037775
23.2150001525879
4.0
kpj
3
false
63
16275.227460625
16275.7940830833
9.27250003814697
4.0
16276.044019125
16276.6942950417
13.0675010681152
4.0
16276.994233375
16277.5927739167
10.3450002670288
4.0
ipd
3
false
64
16279.5443784583
16280.061295625
11.3350009918213
4.0
16280.3110799583
16280.977746125
14.0574989318848
4.0
16281.244295125
16281.577871375
4.23999977111816
4.0
fpd
3
false
65
16283.3446864583
16283.928063125
4.07499980926514
4.0
16284.394726125
16285.5281402917
14.0574989318848
4.0
16285.8448775833
16286.2280034583
5.3125
4.0
nsd
3
false
66
16288.1783773333
16289.7285119583
13.0675010681152
4.0
16290.21154675
16291.261922875
17.4400005340576
4.0
16291.5950217083
16292.0452254167
4.32250022888184
4.0
mjf
3
false
67
16294.1285869167
16294.712378125
14.0574989318848
4.0
16295.0454885417
16295.5788025417
8.11750030517578
4.0
16295.7785568333
16296.128807125
5.06500053405762
4.0
cvy
3
false
68
16297.9124645
16298.1622920833
1.43499994277954
4.0
16298.51217075
16299.4791941667
18.1000003814697
4.0
16299.7288831667
16300.4112569583
23.1325016021729
4.0
sie
3
false
69
16301.795854625
16302.6128930833
19.0900001525879
4.0
16302.9123752083
16303.42938225
9.02500057220459
4.0
16303.7126677917
16304.0292065833
4.48750019073486
4.0
bta
3
false
70
16305.6626250417
16306.1795140417
2.09500026702881
4.0
16306.5627764167
16307.3461655417
18.1824989318848
4.0
16307.5960950833
16307.7964484167
3.57999992370605
4.0
rfu
3
false
71
16310.0129634167
16312.213092375
19.0075016021729
4.0
16312.5130140833
16312.9465952917
6.22000026702881
4.0
16313.2966574583
16314.0133787083
18.1824989318848
4.0
aap
3
false
72
16315.3966256667
16315.563507375
-1.94749999046326
4.0
16315.8468774167
16316.0468545
1.1875
4.0
16316.5133321667
16317.54673575
14.1399993896484
4.0
aab
3
false
73
16318.9136455
16319.080379375
0.115000247955322
4.0
16319.3637221667
16319.5803405
2.17750024795532
4.0
16319.89687825
16320.1134814167
1.35249996185303
4.0
was
3
false
74
16321.8471423333
16322.6139899167
20.3274993896484
4.0
16322.8470171667
16323.0970514167
4.07499980926514
4.0
16323.4805205
16324.4471599583
15.0475006103516
4.0
mkm
3
false
75
16326.164458375
16326.7477032083
12.2424983978271
4.0
16326.964261875
16327.3809373333
9.10750007629395
4.0
16327.5973685833
16328.1293730833
11.3350009918213
4.0
owg
3
false
76
16330.264390375
16330.781270875
13.2325000762939
4.0
16330.9975281667
16331.7813357917
20.2449989318848
4.0
16332.1810327917
16332.5812519167
9.10750007629395
4.0
dsq
3
false
77
16334.4314130833
16334.7314025
2.09500026702881
4.0
16335.0812564167
16335.9479605417
17.0275001525879
4.0
16336.5647397083
16337.2146900417
17.1925010681152
4.0
gls
3
false
0
16353.2158287917
16353.766049125
8.36499977111816
3.0
16354.4657845
16355.2829612083
12.5725002288818
3.0
16355.7160192083
16356.6493062917
16.1199989318848
3.0
siu
4
false
1
16359.3662191667
16359.88298875
20.2449989318848
3.0
16360.365927
16360.8165425417
8.11750030517578
3.0
16361.1498259583
16362.1329740417
17.1100006103516
3.0
16362.1996670833
16362.2497205417
-5.0
3.0
rxf
3
false
2
16367.6501362083
16368.3003708333
16.0375003814697
3.0
16368.9334005
16369.5667745833
22.0599994659424
3.0
16369.950271
16370.2503368333
10.0150003433228
3.0
lrz
3
false
3
16374.150695375
16374.7341400833
11.0050010681152
3.0
16375.35054575
16376.7005842917
14.0574989318848
3.0
16377.3340847083
16378.2339309167
23.0500011444092
3.0
ilw
3
false
4
16381.0343909583
16381.5512184583
10.3450002670288
3.0
16381.834345875
16382.4512880417
13.3975009918213
3.0
16382.884341125
16383.967709875
21.1525001525879
3.0
xbh
3
false
5
16388.0181804583
16388.8516268333
22.0599994659424
3.0
16389.1514600833
16389.4681642083
3.25
3.0
16389.8348164583
16390.3351307083
8.03500080108643
3.0
sqh
3
false
6
16393.2851300417
16393.968583625
20.0799999237061
3.0
16394.5683785
16395.1851247083
15.1300010681152
3.0
16395.5852972917
16396.201928375
9.35500049591064
3.0
ojb
3
false
7
16398.8523654583
16399.78526025
12.0774993896484
3.0
16400.2190925833
16400.902261875
10.0150003433228
3.0
16401.5523658333
16402.0023675417
1.26999998092651
3.0
wch
3
false
8
16404.5191119583
16405.385825
20.3274993896484
3.0
16405.7693357083
16406.1359354583
1.10500001907349
3.0
16406.6026280833
16407.2696629583
7.12750053405762
3.0
dcc
3
false
9
16408.8362137917
16409.38632625
4.32250022888184
3.0
16410.419464
16410.686648375
1.10500001907349
3.0
16410.9861812083
16411.2031727917
2.17750024795532
3.0
ypq
3
false
10
16413.4364949583
16414.58637075
22.2250003814697
3.0
16415.3531603333
16417.15357775
14.1399993896484
3.0
16417.5198284167
16418.1532625417
17.1100006103516
3.0
sdx
3
false
11
16420.620188
16421.3038324583
17.1925010681152
3.0
16421.7036841667
16422.120469125
4.32250022888184
3.0
16422.4369197917
16423.568995125
21.2350006103516
3.0
yyk
4
false
12
16425.7208470417
16426.3204397917
27.0100021362305
3.0
16427.0206335
16428.020861
23.2975006103516
3.0
16428.2708725
16429.1376287083
22.4724998474121
3.0
16429.5376179583
16430.1541003333
10.0150003433228
3.0
ucf
5
false
13
16432.0041992083
16432.904296
21.1525001525879
3.0
16433.5044210833
16433.787783125
2.01250028610229
3.0
16435.921259375
16436.704794875
19.0075016021729
3.0
16437.0880625417
16437.4880239583
1.1875
3.0
16437.8881705417
16438.45481875
4.15750026702881
3.0
ezi
3
false
14
16440.8883101667
16441.255123375
4.07499980926514
3.0
16441.5548595833
16442.4382991667
22.3074989318848
3.0
16442.838207125
16443.4552552083
10.0975008010864
3.0
faz
3
false
15
16445.2552936667
16445.5886908333
3.25
3.0
16445.8886575417
16446.0886058333
0.197499752044678
3.0
16446.388647625
16447.1706177083
23.0500011444092
3.0
hqy
3
false
16
16449.9388227917
16450.4057740833
6.38500022888184
3.0
16450.788772875
16451.52256525
15.1300010681152
3.0
16451.98889025
16452.8890080833
22.3074989318848
3.0
nvz
3
false
17
16455.139473625
16455.8062138333
15.2950000762939
3.0
16456.122514
16456.755690625
21.3175010681152
3.0
16457.0225288333
16457.6214596667
24.2049999237061
3.0
msm
3
false
18
16459.3227618333
16459.872705375
11.0874996185303
3.0
16460.272901375
16460.906222125
17.3575000762939
3.0
16461.1394694583
16461.5714500417
12.1599998474121
3.0
uhb
3
false
19
16464.7065052917
16465.573385375
20.0799999237061
3.0
16466.0230639167
16466.6567185833
8.11750030517578
3.0
16466.9565242917
16467.240109
2.17750024795532
3.0
dzs
3
false
20
16469.690165
16470.1736052083
2.01250028610229
3.0
16470.4566669583
16471.357083375
23.0500011444092
3.0
16471.7903135
16472.5391389167
18.0174999237061
3.0
rwq
3
false
21
16475.390833375
16476.0576915
18.0174999237061
3.0
16476.2904224583
16477.1240183333
20.0799999237061
3.0
16477.8572350417
16478.4893513333
15.2950000762939
3.0
kbo
3
false
22
16480.741177
16481.25772375
9.02500057220459
3.0
16481.6410628333
16481.9744712917
4.07499980926514
3.0
16482.4909269583
16483.2061795417
13.1499996185303
3.0
klp
3
false
23
16485.19127875
16485.9079849583
9.10750007629395
3.0
16486.107619625
16486.6414074583
11.0874996185303
3.0
16486.9080206667
16487.4900237917
14.1399993896484
3.0
oqd
3
false
24
16489.4247771667
16490.00829025
14.3049983978271
3.0
16490.224767375
16490.8750229583
14.0574989318848
3.0
16491.191740875
16491.558330625
4.23999977111816
3.0
xwz
3
false
25
16494.392073375
16495.3917670417
20.2449989318848
3.0
16495.741781125
16496.858740375
23.1325016021729
3.0
16497.25849575
16497.7908304583
27.0925025939941
3.0
gnm
5
false
26
16500.07550475
16501.5089745833
10.0150003433228
3.0
16501.90867425
16502.0254299583
-5.0
3.0
16503.1758367917
16503.6259008333
9.27250003814697
3.0
16503.958883375
16504.4760069167
12.0774993896484
3.0
16504.7257327083
16505.2089839167
12.0774993896484
3.0
ylm
3
false
27
16507.0924086667
16507.8926260417
24.0399990081787
3.0
16508.1425456667
16508.6758042917
11.0874996185303
3.0
16508.925935125
16509.3914820833
12.2424983978271
3.0
heo
3
false
28
16511.9597814167
16512.39321975
8.19999980926514
3.0
16512.9595913333
16513.3928195
4.56999969482422
3.0
16513.809603375
16514.608527125
13.0675010681152
3.0
eog
3
false
29
16516.359895
16516.693397625
2.34249973297119
3.0
16517.0600068333
16517.810147375
14.3049983978271
3.0
16518.3101065417
16518.793551
6.13749980926514
3.0
rbj
3
false
30
16521.4269865833
16522.5603897917
16.0375003814697
3.0
16522.977046
16523.2435909167
3.25
3.0
16523.7937062083
16524.2773382083
9.19000053405762
3.0
abh
3
false
31
16525.9438280417
16526.1604735
-1.86500000953674
3.0
16526.5939292083
16526.7937369167
1.02250003814697
3.0
16527.4273080833
16528.02714025
6.05500030517578
3.0
qwn
3
false
32
16529.828286
16530.427685875
16.2849998474121
3.0
16530.8943404167
16531.9106937917
20.2449989318848
3.0
16532.2442818333
16532.8426377083
14.0574989318848
3.0
kcd
3
false
33
16538.594433
16539.128129375
11.1700000762939
3.0
16539.5449173333
16539.7782062917
4.15750026702881
3.0
16540.1113955
16540.3614095417
4.40499973297119
3.0
fpt
3
false
34
16542.1614976667
16542.5117696667
6.22000026702881
3.0
16542.9448502917
16543.844939125
13.1499996185303
3.0
16544.2282458333
16545.6271142917
17.1100006103516
3.0
lxn
3
false
35
16547.1451850833
16547.7955274167
13.0675010681152
3.0
16548.0781921667
16548.8620311667
22.0599994659424
3.0
16549.295238875
16549.9439842917
13.0675010681152
3.0
eyu
3
false
36
16555.6626242917
16556.0001817083
6.05500030517578
3.0
16556.26224775
16557.029180125
23.2150001525879
3.0
16557.2625577917
16557.9279562083
20.2449989318848
3.0
gzw
3
false
37
16560.1293323333
16560.546320125
7.04500007629395
3.0
16560.7626697083
16561.529542375
23.2975006103516
3.0
16561.7301317083
16562.4281405
21.1525001525879
3.0
nam
3
false
38
16564.1295581667
16564.6632267917
13.0675010681152
3.0
16564.896258375
16565.1298270417
2.25999975204468
3.0
16565.4629530833
16565.9963723333
11.1700000762939
3.0
gjc
3
false
39
16568.880057125
16569.2628667083
6.05500030517578
3.0
16569.479781375
16569.896756375
9.19000053405762
3.0
16570.1632823333
16570.3636185417
2.09500026702881
3.0
pps
3
false
40
16571.74691075
16572.2968104583
13.2325000762939
3.0
16572.4966989167
16572.9470610833
15.0475006103516
3.0
16573.513610625
16574.4124201667
18.1824989318848
3.0
mfk
3
false
41
16575.9141495417
16576.7140036667
12.2424983978271
3.0
16577.1973799583
16577.5473286667
5.3125
3.0
16577.9305551667
16578.5137870833
11.0050010681152
3.0
iaa
3
false
42
16579.7807199583
16580.2308344167
8.28250026702881
3.0
16580.4640330417
16580.64752025
2.34249973297119
3.0
16580.8306555417
16580.9973763333
4.07499980926514
3.0
dgu
3
false
43
16582.5810110833
16582.8307210417
1.02250003814697
3.0
16583.1476175833
16583.5142135417
4.07499980926514
3.0
16583.847547
16584.7795829583
18.0174999237061
3.0
xmh
3
false
44
16586.5312848333
16587.3476821667
20.1625003814697
3.0
16587.8645122083
16588.4316534583
12.1599998474121
3.0
16588.7978934583
16589.2483645833
5.14750003814697
3.0
tjj
3
false
45
16592.348037875
16592.9150162083
19.0075016021729
3.0
16593.2147995
16593.5650094583
8.19999980926514
3.0
16593.7814320833
16594.06471275
11.0874996185303
3.0
vqg
3
false
46
16597.0653263333
16597.7487505417
22.1424999237061
3.0
16598.2650821667
16598.7151357083
16.2849998474121
3.0
16599.0985566667
16599.381733625
5.23000049591064
3.0
tiy
3
false
47
16601.1988149167
16602.3823024167
20.1625003814697
3.0
16602.6154509583
16602.9656385417
9.19000053405762
3.0
16603.1987572917
16603.9140929167
21.2350006103516
3.0
ktj
3
false
48
16606.0325300833
16606.632600625
9.02500057220459
3.0
16607.082315625
16607.5824613333
18.1824989318848
3.0
16607.9156657083
16608.3311589167
11.2525005340576
3.0
ued
3
false
49
16610.282841
16610.8162889583
21.0700016021729
3.0
16611.14926425
16611.3828894167
5.3125
3.0
16611.5993353333
16611.7827382917
4.40499973297119
3.0
nrv
3
false
50
16613.349692625
16614.4997652917
11.0050010681152
3.0
16614.8664152917
16615.4997500417
15.1300010681152
3.0
16615.782916125
16616.5485536667
21.1525001525879
3.0
kwx
3
false
51
16618.51668775
16619.0831859583
7.04500007629395
3.0
16619.3832607083
16620.23322225
20.2449989318848
3.0
16620.8497203333
16621.6655752083
20.3274993896484
3.0
rvt
3
false
52
16624.3835148333
16624.8335412917
18.1824989318848
3.0
16625.0836035417
16625.6167994167
19.1725006103516
3.0
16626.1671516667
16626.68247525
18.4299983978271
3.0
pan
3
false
53
16629.350649625
16629.8341031667
12.4899997711182
3.0
16630.1672545
16630.3506351667
1.59999990463257
3.0
16630.8841200833
16631.4493116667
13.3975009918213
3.0
odv
3
false
54
16633.467672625
16634.0177186667
14.3049983978271
3.0
16634.351096
16634.5843468333
5.14750003814697
3.0
16635.167622625
16635.849463
21.0700016021729
3.0
puz
3
false
55
16637.850977375
16638.2678459583
17.1925010681152
3.0
16638.5007920833
16639.217879
19.0075016021729
3.0
16639.7177787917
16640.2336621667
25.3600006103516
3.0
vfp
3
false
56
16642.3848586667
16642.9847095
22.3074989318848
3.0
16643.2182675
16644.0015822083
7.29250049591064
3.0
16644.4850450833
16644.9001810417
17.0275001525879
3.0
exa
3
false
57
16647.7184081667
16647.9686097917
4.48750019073486
3.0
16648.26846075
16648.9022067083
22.1424999237061
3.0
16649.1684786667
16649.3019309167
1.02250003814697
3.0
urt
3
false
58
16651.0855662917
16651.6523004167
20.3274993896484
3.0
16652.3019492083
16653.0690399583
17.1100006103516
3.0
16653.33534625
16653.767608
19.0900001525879
3.0
oov
3
false
59
16655.01898175
16655.9026763333
15.2124996185303
3.0
16656.1356652083
16656.48579475
12.1599998474121
3.0
16656.7522991667
16657.3508635417
20.3274993896484
3.0
bgr
3
false
60
16659.869197
16660.0360839583
0.445000171661377
3.0
16660.352590375
16660.6861688333
6.55000019073486
3.0
16661.1360755
16661.9178344583
18.1000003814697
3.0
wev
3
false
61
16664.0365464583
16664.6195006667
23.1325016021729
3.0
16664.9529257917
16665.169737125
6.05500030517578
3.0
16665.7197985
16666.4350507917
20.0799999237061
3.0
lin
3
false
62
16668.1528914583
16668.5033338333
10.4274997711182
3.0
16668.7863622083
16669.1034354583
8.11750030517578
3.0
16669.4533187917
16669.8364425833
14.0574989318848
3.0
mxh
3
false
63
16671.686554625
16672.0536697917
12.3249988555908
3.0
16672.486368625
16673.2370892917
21.2350006103516
3.0
16673.6034912083
16673.9189293333
12.0774993896484
3.0
rnf
3
false
64
16676.6536180833
16677.3372390417
15.1300010681152
3.0
16677.7369593333
16678.586901625
13.2325000762939
3.0
16678.9206215
16679.2705979167
3.00250053405762
3.0
tqi
3
false
65
16681.554095
16682.0876197083
18.0174999237061
3.0
16682.6872354167
16683.787665
15.2950000762939
3.0
16684.137523875
16684.4543521667
8.19999980926514
3.0
zot
3
false
66
16685.7709730417
16686.4375764167
24.1224994659424
3.0
16686.7044040833
16687.2545225833
14.2224998474121
3.0
16687.4873160417
16687.953191
20.0799999237061
3.0
pae
3
false
67
16689.971405
16690.5047682083
17.0275001525879
3.0
16690.7713382917
16690.9881715417
1.02250003814697
3.0
16691.2712108333
16691.5546337917
4.15750026702881
3.0
jwc
3
false
68
16694.755181
16695.2051160417
8.28250026702881
3.0
16695.4548625833
16696.205367125
21.0700016021729
3.0
16696.7718539583
16697.0548820833
4.15750026702881
3.0
scf
3
false
69
16699.3885549583
16699.97194675
18.1000003814697
3.0
16700.4381855833
16700.6716707083
3.25
3.0
16700.938522125
16701.3038089583
7.21000003814697
3.0
fdq
3
false
70
16703.1053418333
16703.3889129167
4.40499973297119
3.0
16703.6553651667
16703.8891907917
1.1875
3.0
16704.3888022917
16704.9874920417
15.0475006103516
3.0
tai
3
false
71
16706.7558317917
16707.322551125
21.7299995422363
3.0
16707.5723950417
16707.7557750833
1.1875
3.0
16708.0056475833
16708.32252625
8.11750030517578
3.0
vec
3
false
72
16710.5391445417
16711.1561555417
20.2449989318848
3.0
16711.4058172083
16711.689310125
4.23999977111816
3.0
16712.1393237083
16712.406118375
2.01250028610229
3.0
ujs
3
false
73
16713.8559009167
16714.4892649167
21.1525001525879
3.0
16714.856165625
16715.4397601667
12.1599998474121
3.0
16715.9062252917
16716.5883134167
19.0900001525879
3.0
lkm
3
false
74
16718.173141
16718.5227845417
11.1700000762939
3.0
16718.7231415833
16719.0897669583
10.0150003433228
3.0
16719.256328125
16719.57191975
11.4174995422363
3.0
ibk
3
false
75
16721.306854875
16721.6232109167
9.02500057220459
3.0
16721.9232236667
16722.44019925
3.08500003814697
3.0
16722.7734257917
16723.105314625
12.3249988555908
3.0
lyj
3
false
76
16725.0734654583
16725.4237954583
12.3249988555908
3.0
16725.8234842917
16726.6405124583
25.1950016021729
3.0
16727.1405397083
16727.4405526667
7.04500007629395
3.0
ygb
3
false
77
16729.2739110417
16729.8906069583
22.3074989318848
3.0
16730.22379775
16730.5072651667
6.22000026702881
3.0
16731.0406233333
16731.239232625
4.40499973297119
3.0
