efg
4
false
0
75646.89004625
75647.3238552917
6.13749980926514
3.0
75647.6401705833
75647.9900286667
4.07499980926514
3.0
75649.3903587083
75649.7404312083
4.07499980926514
3.0
75650.3068572917
75650.9567009167
5.06500053405762
3.0
trh
4
false
1
75654.6071090833
75655.5571347917
18.0174999237061
3.0
75655.8740066667
75657.407294125
16.3674983978271
3.0
75657.8240890833
75658.2242734167
8.11750030517578
3.0
75658.423837
75658.4905317917
-5.0
3.0
lno
3
false
2
75661.0745072917
75661.557647625
13.0675010681152
3.0
75661.8742989583
75662.658042625
14.0574989318848
3.0
75662.9576932083
75663.4241076667
14.1399993896484
3.0
rry
3
false
3
75664.9582437917
75665.65806825
19.0900001525879
3.0
75665.8745342917
75666.357996625
17.1925010681152
3.0
75666.7413352917
75667.3075484167
27.1749992370605
3.0
mmw
3
false
4
75669.7414755
75670.24142575
11.2525005340576
3.0
75670.4420484167
75670.7913286667
14.3874988555908
3.0
75671.2583605833
75672.9236747917
20.3274993896484
3.0
frr
3
false
5
75676.4922092917
75676.9251915833
5.64249992370605
3.0
75677.4087428333
75678.109038875
19.0900001525879
3.0
75678.3753462083
75678.8919001667
16.1199989318848
3.0
dji
6
false
6
75680.3921279167
75680.7757088333
2.01250028610229
3.0
75681.1589991667
75681.9921464583
17.4400005340576
3.0
75682.3756865833
75682.6757269167
14.1399993896484
3.0
75684.3090655417
75684.5594039167
4.07499980926514
3.0
75684.8758814167
75685.2588182083
8.19999980926514
3.0
75685.4757757917
75685.74276
7.29250049591064
3.0
kgs
3
false
7
75687.109396375
75687.6595975
10.0150003433228
3.0
75688.0760282917
75689.576157
11.0050010681152
3.0
75690.159560125
75691.6762270417
18.1824989318848
3.0
npl
11
false
8
75693.7932534167
75694.3763636667
13.4799995422363
3.0
75694.7431922083
75695.726747625
14.0574989318848
3.0
75696.2100670833
75696.4100464167
1.26999998092651
3.0
75696.5765034167
75696.9600605
8.44750022888184
3.0
75698.8253474167
75698.9252150417
-5.0
3.0
75700.3436705
75700.8437778333
14.2224998474121
3.0
75701.4103413333
75702.427157125
13.0675010681152
3.0
75702.7937173333
75703.3103807917
11.1700000762939
3.0
75704.2603878333
75704.994085125
14.2224998474121
3.0
75705.394087375
75706.3607646667
14.0574989318848
3.0
75706.6771465833
75707.0441232083
13.1499996185303
3.0
ttx
3
false
9
75708.5608501667
75709.5106810417
18.2649993896484
3.0
75709.6941753333
75710.12737225
20.1625003814697
3.0
75710.3944233333
75711.026138125
23.2150001525879
3.0
xzs
5
false
10
75713.5445161667
75714.3776789167
22.3074989318848
3.0
75714.777833625
75715.0445472917
32.6700019836426
1.0
75714.777833625
75717.5612699583
23.0500011444092
3.0
75717.8781336667
75718.5616345833
23.4624996185303
3.0
75718.911432
75719.894679875
18.2649993896484
3.0
mii
3
false
11
75721.3117887917
75721.9617690833
10.1800003051758
3.0
75722.3285115
75722.694882875
6.13749980926514
3.0
75722.995066625
75723.2617382083
12.5725002288818
3.0
ely
3
false
12
75725.0118575833
75725.3620051667
4.23999977111816
3.0
75725.7453696667
75726.4954669583
10.0150003433228
3.0
75726.8286294167
75727.7440523333
24.1224994659424
3.0
sma
3
false
13
75729.0287735833
75730.4454099583
18.0174999237061
3.0
75730.7622118333
75731.4622189583
14.0574989318848
3.0
75731.7289803333
75731.9624255
4.15750026702881
3.0
auy
5
false
14
75733.7125153333
75733.84583
-1.86500000953674
3.0
75734.9124062917
75735.0290445833
-0.957499980926514
3.0
75735.67922
75735.846087375
0.362499713897705
3.0
75736.4125386667
75738.16258525
20.3274993896484
3.0
75738.3459872083
75739.0625936667
25.0300006866455
3.0
opy
3
false
15
75740.5129155
75741.696321375
12.0774993896484
3.0
75741.92955475
75742.5131062917
14.0574989318848
3.0
75743.1129464167
75743.7294668333
25.1125011444092
3.0
kix
3
false
16
75745.81327725
75746.8298407083
13.0675010681152
3.0
75747.4799629583
75748.23027125
7.21000003814697
3.0
75748.4466346667
75749.312092375
23.0500011444092
3.0
sub
3
false
17
75750.7802140833
75751.7471250833
16.5324993133545
3.0
75752.346905125
75752.93031975
19.2550010681152
3.0
75753.4969265833
75753.7800558333
1.02250003814697
3.0
kzm
5
false
18
75755.2470578333
75756.1476919167
10.5100002288818
3.0
75756.3973372917
75757.29701975
11.1700000762939
3.0
75758.9141240833
75759.463953625
13.0675010681152
3.0
75759.69763
75760.347513375
27.0925025939941
3.0
75760.9640915
75761.7639778333
13.7274990081787
3.0
kzf
3
false
19
75763.1477040417
75763.59784875
10.0150003433228
3.0
75763.8309296667
75764.5310486667
26.4324989318848
3.0
75764.9143295
75765.4977740417
6.13749980926514
3.0
umg
3
false
20
75766.86466
75767.864804
19.0075016021729
3.0
75768.248077625
75768.59812325
11.0874996185303
3.0
75769.08156325
75769.431568
8.03500080108643
3.0
ppa
5
false
21
75771.514807
75772.0815224583
13.1499996185303
3.0
75772.3483274583
75772.6650318333
16.4499988555908
3.0
75774.3646291667
75774.8149840417
12.0774993896484
3.0
75775.0817935417
75775.38196725
17.0275001525879
3.0
75775.7818151667
75775.9482623333
4.32250022888184
3.0
wnl
6
false
22
75777.5319908333
75778.5319195417
20.1625003814697
3.0
75779.3822414167
75780.4322805417
11.0874996185303
3.0
75780.7156495417
75781.3155222083
10.1800003051758
3.0
75782.4992283333
75783.18218425
20.2449989318848
3.0
75783.465653125
75783.899214
14.3049983978271
3.0
75784.115778375
75784.36590825
12.1599998474121
3.0
zjc
5
false
23
75785.6491991667
75786.4823965833
27.0100021362305
3.0
75787.08280075
75787.3493923333
12.1599998474121
3.0
75789.216229375
75789.816007875
27.1749992370605
3.0
75790.0995578333
75790.6163165417
9.19000053405762
3.0
75791.3329415833
75791.7664251667
5.14750003814697
3.0
qnx
3
false
24
75793.0330306667
75793.566486
14.3874988555908
3.0
75793.9497473333
75794.9000204583
13.3975009918213
3.0
75795.166385625
75795.89860275
24.4524993896484
3.0
ayx
5
false
25
75797.1665104167
75797.3664846667
1.02250003814697
3.0
75797.4664108333
75797.5483885833
-5.0
3.0
75798.166674375
75798.316765375
2.50750017166138
3.0
75798.5666544583
75799.233327875
23.3800010681152
3.0
75799.5333210833
75800.28346625
25.1950016021729
3.0
bqv
3
false
26
75801.5002521667
75801.8169846667
3.25
3.0
75802.1335849167
75802.8002285833
14.0574989318848
3.0
75803.100439375
75803.815780375
24.7824993133545
3.0
olh
3
false
27
75804.8004457083
75805.750568875
16.2849998474121
3.0
75806.0004255
75806.8670310417
16.3674983978271
3.0
75807.3337824167
75807.8337507083
7.375
3.0
xqo
3
false
28
75808.8340744167
75809.8173035
26.2674999237061
3.0
75810.2506823333
75811.1006784167
15.625
3.0
75811.500882625
75812.0677285833
15.2950000762939
3.0
utv
3
false
29
75813.2010069167
75813.9676083333
19.0075016021729
3.0
75814.3175370417
75814.9842872917
18.0174999237061
3.0
75815.5344674167
75816.617709375
22.0599994659424
3.0
afj
3
false
30
75817.734603
75817.9845812917
2.34249973297119
3.0
75818.3847404583
75818.8183149583
5.23000049591064
3.0
75819.2181069167
75819.8681669583
8.11750030517578
3.0
wpn
3
false
31
75820.8853337917
75822.3684772083
23.2975006103516
3.0
75822.7184749583
75823.8851200833
15.1300010681152
3.0
75824.4184135417
75825.151600875
14.1399993896484
3.0
hyw
3
false
32
75826.2682683333
75826.8519840833
7.04500007629395
3.0
75827.118446625
75827.6185705
27.2574996948242
3.0
75828.0520860833
75828.5673840417
21.3175010681152
3.0
kkc
3
false
33
75829.6354825417
75830.0522600833
12.1599998474121
3.0
75830.2520286667
75830.5021328333
13.2325000762939
3.0
75830.73515275
75831.018692375
3.16750049591064
3.0
utz
6
false
34
75832.1190059583
75832.568860125
19.0075016021729
3.0
75832.902318625
75833.8356403333
18.4299983978271
3.0
75833.9524799583
75834.3010784167
27.3400001525879
3.0
75835.6526378333
75836.4193375417
18.1000003814697
3.0
75836.535873875
75836.919178
20.0799999237061
3.0
75837.0525465
75837.4510974167
23.0500011444092
3.0
khq
6
false
35
75838.6861508333
75839.1528231667
10.0975008010864
3.0
75839.3860297083
75840.0861525417
11.0874996185303
3.0
75840.6196137917
75841.8027661667
19.1725006103516
3.0
75843.136506375
75843.5699681667
12.5725002288818
3.0
75843.8531160833
75844.1197967917
8.11750030517578
3.0
75844.3363197083
75844.736428
16.4499988555908
3.0
whb
3
false
36
75845.8533476667
75846.66973625
22.0599994659424
3.0
75846.9199800417
75847.2199504583
8.52999973297119
3.0
75847.4864683333
75847.6864851667
5.06500053405762
3.0
npk
3
false
37
75848.9198737917
75849.6364804167
12.3249988555908
3.0
75849.853353
75850.1867437083
16.0375003814697
3.0
75850.7367440833
75851.170360875
9.93249988555908
3.0
qhr
6
false
38
75852.2202214167
75852.7534955
19.0900001525879
3.0
75853.2201367917
75853.6538172917
11.1700000762939
3.0
75854.58713625
75855.1714441667
12.1599998474121
3.0
75855.9038260833
75856.4203096667
16.0375003814697
3.0
75856.8040055417
75857.1870623333
8.19999980926514
3.0
75857.770618375
75858.8528319583
18.8425006866455
3.0
dko
4
false
39
75865.5044251667
75865.8045464583
5.47749996185303
3.0
75866.1713062917
75866.78800525
10.0975008010864
3.0
75867.1211960417
75868.0209067083
15.0475006103516
3.0
75868.1235812083
75868.1864950417
-5.0
3.0
fgu
3
false
40
75869.4883020833
75869.9215309167
6.05500030517578
3.0
75870.3213520417
75870.721698875
3.00250053405762
3.0
75871.1213502917
75872.2547380833
18.1000003814697
3.0
otw
5
false
41
75873.3050441667
75873.9048021667
11.0050010681152
3.0
75874.28829275
75874.7885592917
18.2649993896484
3.0
75875.771801
75876.188617875
17.3575000762939
3.0
75876.4050470833
75876.721711875
16.1199989318848
3.0
75876.921561
75877.2872793333
25.3600006103516
3.0
evc
3
false
42
75878.655415
75878.955431875
5.39499950408936
3.0
75879.2720381667
75879.90526075
27.0100021362305
3.0
75880.2056899167
75880.4388635833
9.76749992370605
3.0
cdf
3
false
43
75881.622297625
75881.9222630833
5.3125
3.0
75882.4387903333
75882.6721948333
4.15750026702881
3.0
75883.1056005833
75883.4724155417
10.0150003433228
3.0
egn
3
false
44
75884.7391913333
75884.9056609167
2.01250028610229
3.0
75885.589116125
75885.839162125
9.10750007629395
3.0
75886.1557311667
75886.4557140417
16.4499988555908
3.0
gbj
3
false
45
75887.9893356667
75888.4894725417
8.85999965667725
3.0
75889.1391782917
75889.3225827917
7.70499992370605
3.0
75889.7393735417
75890.122788125
9.10750007629395
3.0
qjv
3
false
46
75891.506148375
75892.1896174167
12.1599998474121
3.0
75892.572842375
75892.9728417917
9.27250003814697
3.0
75893.8730000833
75894.5884036667
21.6475009918213
3.0
vme
3
false
47
75895.5892747083
75896.2395515833
19.0900001525879
3.0
75896.5731561667
75897.0563229167
13.0675010681152
3.0
75897.2565519167
75897.456346
1.26999998092651
3.0
auj
3
false
48
75898.656734875
75898.8233549583
3.08500003814697
3.0
75899.13999225
75899.606570375
20.0799999237061
3.0
75900.173095875
75900.4900597917
9.27250003814697
3.0
lwn
3
false
49
75901.623439
75902.1233155833
11.0874996185303
3.0
75902.4234992083
75903.02338
23.0500011444092
3.0
75903.4901962917
75903.89022225
15.1300010681152
3.0
dyv
3
false
50
75905.2571546667
75905.623859
4.07499980926514
3.0
75906.0405675
75906.45703225
26.0200004577637
3.0
75906.9569642917
75907.539110125
23.1325016021729
3.0
waa
3
false
51
75909.4572709583
75910.4740895417
18.0174999237061
3.0
75910.9573870833
75911.106945875
5.80749988555908
3.0
75911.3241379583
75911.5075284167
10.8399991989136
3.0
srg
5
false
52
75913.0243693333
75914.024096
19.3374996185303
3.0
75914.3578619583
75914.7226825833
20.3274993896484
3.0
75915.5910942917
75915.990990125
21.1525001525879
3.0
75916.20768275
75916.491131
19.3374996185303
3.0
75916.99110325
75917.3080463333
8.52999973297119
3.0
use
3
false
53
75918.4912932083
75919.4581674583
19.0075016021729
3.0
75919.6583867083
75920.6412885417
18.1000003814697
3.0
75920.9748812083
75921.1582560417
7.04500007629395
3.0
nta
3
false
54
75922.4583638333
75923.07475875
15.1300010681152
3.0
75923.608440875
75924.291678
21.0700016021729
3.0
75924.5249024583
75924.7081772083
5.47749996185303
3.0
lsl
3
false
55
75927.8586008333
75928.5588180417
10.0975008010864
3.0
75929.09204725
75930.208831375
17.2749996185303
3.0
75930.4918777917
75930.9252774583
11.0050010681152
3.0
eib
3
false
56
75932.3090389167
75932.925506375
4.07499980926514
3.0
75933.275498125
75934.0923952083
11.0050010681152
3.0
75935.22567425
75935.375596125
2.59000015258789
3.0
epl
3
false
57
75936.7591274167
75937.15917325
3.00250053405762
3.0
75937.542366125
75938.525723125
12.0774993896484
3.0
75939.00946475
75939.626089625
8.03500080108643
3.0
fhs
3
false
58
75941.15955525
75941.476157
6.05500030517578
3.0
75941.7928707083
75942.059639125
7.86999988555908
3.0
75942.3427520417
75942.7244175
19.3374996185303
3.0
mfv
3
false
59
75943.74280875
75944.2095139167
14.0574989318848
3.0
75944.5428672917
75944.8092390833
5.23000049591064
3.0
75945.1429676667
75945.6912357917
19.4200000762939
3.0
xqu
3
false
60
75946.776573
75947.6433095
25.1950016021729
3.0
75948.3432154583
75949.01016925
14.0574989318848
3.0
75949.32668675
75950.2765936667
20.0799999237061
3.0
bbp
3
false
61
75951.7934625417
75952.0932922917
3.16750049591064
3.0
75952.3935977083
75952.5435420417
3.00250053405762
3.0
75952.943408
75953.4770103333
14.2224998474121
3.0
cjc
5
false
62
75954.8602272917
75955.1604383333
2.17750024795532
3.0
75955.4937847083
75955.6604202917
3.41499996185303
3.0
75957.2272625833
75957.443883375
3.00250053405762
3.0
75957.793823875
75958.3273435417
9.10750007629395
3.0
75958.5438118333
75958.693786375
5.3125
3.0
heg
3
false
63
75959.8773877083
75960.5441608333
8.19999980926514
3.0
75961.1105090417
75961.3941875833
3.00250053405762
3.0
75961.8106203333
75962.24410525
8.28250026702881
3.0
fcj
3
false
64
75963.3274756667
75963.8607290833
6.05500030517578
3.0
75965.1941593333
75965.3608844583
3.08500003814697
3.0
75965.82769125
75966.1942578333
8.44750022888184
3.0
czp
8
false
65
75967.51123925
75967.8612644167
1.43499994277954
3.0
75968.7276239583
75968.81109375
-1.94749999046326
3.0
75969.027841
75969.1613754167
8.11750030517578
3.0
75970.1613023333
75970.4279587083
2.17750024795532
3.0
75970.6612738333
75970.928142625
32.752498626709
1.0
75970.6612738333
75972.194839
3.00250053405762
3.0
75972.4949388333
75973.0281676667
27.2574996948242
3.0
75973.3284295
75973.7284172083
15.0475006103516
3.0
idi
3
false
66
75975.34488525
75975.7117393333
7.29250049591064
3.0
75975.99493325
75976.144922375
4.32250022888184
3.0
75976.445029125
75976.71170625
12.4074993133545
3.0
bit
3
false
67
75978.7283960833
75979.1453660417
4.15750026702881
3.0
75980.828585625
75981.311863625
8.19999980926514
3.0
75981.8954327917
75982.9786237917
18.0174999237061
3.0
dzj
3
false
68
75984.4955816667
75984.8456873333
2.34249973297119
3.0
75986.162551125
75986.8289980833
26.0200004577637
3.0
75987.1290362917
75987.46247775
9.10750007629395
3.0
xsz
3
false
69
75988.7291394167
75989.262455875
21.4825000762939
3.0
75989.9291496667
75990.9123807083
19.0900001525879
3.0
75991.3459295
75991.8612004583
27.5875015258789
3.0
orv
3
false
70
75993.3294893333
75993.8963035
14.3874988555908
3.0
75994.262589875
75994.8464102917
17.1100006103516
3.0
75995.1465124167
75995.82958975
23.3800010681152
3.0
vrb
3
false
71
75997.312796125
75997.8630023333
20.1625003814697
3.0
75998.0464535417
75998.629717125
16.1199989318848
3.0
75999.0297882083
75999.2132741667
-0.544999599456787
3.0
ddm
3
false
72
76000.3800535417
76000.630076
5.14750003814697
3.0
76000.913166875
76001.0631317917
4.56999969482422
3.0
76001.2966327917
76001.6450882083
14.1399993896484
3.0
twi
3
false
73
76002.8799815417
76003.9969765417
19.2550010681152
3.0
76004.430149375
76005.3968795417
24.0399990081787
3.0
76005.897156
76006.2803987917
8.36499977111816
3.0
cyo
3
false
74
76007.4805215
76007.6971674167
3.00250053405762
3.0
76008.0805009583
76008.9307080417
20.5749988555908
3.0
76009.230708625
76009.712606625
17.2749996185303
3.0
gdz
7
false
75
76011.4305509167
76011.8473595
7.04500007629395
3.0
76012.1971576667
76012.3474245833
2.25999975204468
3.0
76012.664115625
76012.8304187083
33.0
1.0
76013.7639818333
76014.4306795833
13.3975009918213
3.0
76015.4309787917
76015.8480565417
10.0150003433228
3.0
76016.2143295417
76016.39754425
3.33249950408936
3.0
76016.647575375
76017.196296
23.4624996185303
3.0
qyq
6
false
76
76018.4313172083
76018.9810774583
19.0900001525879
3.0
76019.297995375
76019.797697875
25.2775001525879
3.0
76020.031201
76020.398171625
14.0574989318848
3.0
76021.33147575
76021.9145239167
15.4600009918213
3.0
76022.09810225
76022.898467125
23.1325016021729
3.0
76023.1816622917
76023.5646040833
18.0174999237061
3.0
xoh
3
false
77
76024.981635375
76025.88156725
25.1125011444092
3.0
76026.2317067083
76026.748558125
22.1424999237061
3.0
76027.298216
76027.6151665833
12.0774993896484
3.0
vuk
3
false
0
76135.5052266667
76136.1390560417
18.1000003814697
4.0
76136.3394732917
76136.7055749583
16.3674983978271
4.0
76137.1387437083
76137.4056387083
12.5725002288818
4.0
txd
3
false
1
76139.138983125
76140.10604025
17.0275001525879
4.0
76140.372465375
76140.9391183333
25.1950016021729
4.0
76141.322660875
76141.57274025
8.28250026702881
4.0
gzm
3
false
2
76142.53943675
76143.2059864583
9.02500057220459
4.0
76143.7394762917
76144.3227203333
27.0925025939941
4.0
76144.5725969583
76144.9226697917
12.6550006866455
4.0
vvl
3
false
3
76146.0895861667
76146.72269575
20.0799999237061
4.0
76146.856193375
76147.322701375
20.1625003814697
4.0
76147.6397944167
76147.9728931667
10.0150003433228
4.0
lrt
3
false
4
76148.922968125
76149.60631525
11.2525005340576
4.0
76149.9564131667
76150.7896673333
15.2124996185303
4.0
76151.0064349167
76151.406388625
16.0375003814697
4.0
gub
3
false
5
76152.1898690833
76152.7066005417
7.21000003814697
4.0
76152.989760875
76153.6065792917
19.0900001525879
4.0
76153.85671825
76154.0400524167
5.06500053405762
4.0
ezm
6
false
6
76154.9568446667
76155.3402197083
4.07499980926514
4.0
76155.5900586667
76155.9899604167
21.8125
4.0
76156.3567921667
76156.723332125
20.0799999237061
4.0
76157.6904148333
76157.9571121667
7.21000003814697
4.0
76158.0735892083
76158.5568999167
24.1224994659424
4.0
76158.723590375
76158.9737528333
14.1399993896484
4.0
nqt
3
false
7
76160.140154875
76160.6069545417
12.3249988555908
4.0
76160.94052725
76161.740582125
17.2749996185303
4.0
76162.357180375
76162.8903981667
23.2150001525879
4.0
qoh
6
false
8
76164.14078375
76164.60736475
18.3474998474121
4.0
76164.890595375
76165.423925875
9.10750007629395
4.0
76165.5238815
76165.60722625
-5.0
4.0
76166.207450875
76166.6240420833
19.2550010681152
4.0
76166.7741005833
76167.1243094167
12.4074993133545
4.0
76167.3576820417
76167.607665875
10.4274997711182
4.0
hpq
3
false
9
76168.9244023333
76169.1912154583
6.30249977111816
4.0
76169.524389375
76169.9409984167
16.2024993896484
4.0
76170.1242519167
76170.4576104583
17.0275001525879
4.0
tdg
3
false
10
76171.8411605417
76172.8410120417
16.1199989318848
4.0
76173.057888125
76173.390796875
6.30249977111816
4.0
76174.0247403333
76174.574743625
13.2325000762939
4.0
hop
4
false
11
76175.8248467083
76177.0913533333
11.0874996185303
4.0
76178.4085639583
76178.6084542917
7.45749950408936
4.0
76178.9415427917
76179.3418001667
13.4799995422363
4.0
76179.4748359167
76179.7917119167
13.2325000762939
4.0
eyg
3
false
12
76180.9417840417
76181.2083707917
5.14750003814697
4.0
76181.591731125
76182.0916900417
26.1849994659424
4.0
76182.4586184167
76182.9248184167
6.55000019073486
4.0
jlb
3
false
13
76184.2918716667
76184.675388875
9.02500057220459
4.0
76184.9752954167
76185.292075625
13.3975009918213
4.0
76185.558989375
76185.6755060417
2.01250028610229
4.0
fvh
5
false
14
76186.7755585417
76187.1089320833
6.13749980926514
4.0
76187.492194375
76188.1255070417
19.0900001525879
4.0
76189.0591004167
76189.3757549167
11.0874996185303
4.0
76189.6256049167
76190.242513875
17.0275001525879
4.0
76190.9925405
76191.3595485833
9.10750007629395
4.0
uuw
3
false
15
76192.6262853333
76193.5092845833
19.0900001525879
4.0
76193.62575975
76194.0092735833
20.1625003814697
4.0
76194.2092257083
76194.6078573333
25.1125011444092
4.0
ccp
3
false
16
76195.692832625
76195.9091499583
1.02250003814697
4.0
76196.192734625
76196.459412625
10.1800003051758
4.0
76196.9263424167
76197.2914561667
20.4099998474121
4.0
vrp
3
false
17
76198.5430637917
76199.9762701667
19.0075016021729
4.0
76200.3098525417
76201.2097058333
14.0574989318848
4.0
76201.4096580833
76201.909812625
13.1499996185303
4.0
zgd
3
false
18
76203.0932722083
76203.5932925833
26.1849994659424
4.0
76203.8932385
76204.409824625
17.0275001525879
4.0
76204.9435068333
76205.1766469583
3.00250053405762
4.0
hxw
3
false
19
76206.276989125
76206.5596465833
7.04500007629395
4.0
76207.0435930417
76207.6268393333
22.0599994659424
4.0
76207.7104900833
76208.0769495417
19.3374996185303
4.0
ykb
3
false
20
76209.3104035417
76209.910186125
23.2150001525879
4.0
76210.410471125
76210.8271522917
14.0574989318848
4.0
76211.2271614167
76211.4270435
3.41499996185303
4.0
hff
3
false
21
76212.6940227083
76213.0438729167
8.28250026702881
4.0
76213.3272748333
76213.6438665
3.08500003814697
4.0
76213.8771088333
76214.0772065417
6.05500030517578
4.0
pyh
3
false
22
76215.2274784167
76215.9439444167
12.2424983978271
4.0
76217.0774659583
76217.5774781667
21.3175010681152
4.0
76218.3106910417
76218.4610115417
6.30249977111816
4.0
det
3
false
23
76219.6611595833
76219.861171625
5.06500053405762
4.0
76220.32781025
76220.4445717917
3.08500003814697
4.0
76220.72772625
76221.2442162917
19.2550010681152
4.0
pdy
5
false
24
76222.49471
76222.9280825833
15.2124996185303
4.0
76223.4782132083
76223.6613578333
6.22000026702881
4.0
76224.5447925417
76224.8780581667
24.3699989318848
4.0
76225.0782935
76225.2946608333
10.3450002670288
4.0
76225.7447289583
76225.8945654167
33.0
1.0
tex
4
false
25
76227.6270516667
76228.0616957917
7.45749950408936
4.0
76229.2949659583
76229.678341875
27.0100021362305
4.0
76230.028488375
76230.19493225
6.88000011444092
4.0
76230.7116736667
76231.0935996667
24.6999988555908
4.0
djn
5
false
26
76233.06205125
76233.2619524167
8.11750030517578
4.0
76233.6120399583
76233.84521275
8.28250026702881
4.0
76234.4786285417
76234.64523375
4.15750026702881
4.0
76234.8457173333
76235.0786370833
8.36499977111816
4.0
76235.461942875
76235.7122435
15.625
4.0
yxl
3
false
27
76236.9454489167
76237.2821551667
22.4724998474121
4.0
76237.5620297083
76237.8955267083
20.4099998474121
4.0
76238.228780375
76238.412322875
10.6750001907349
4.0
qbq
3
false
28
76239.695626
76240.0621329583
22.3899993896484
4.0
76240.9956972917
76241.14582775
6.46749973297119
4.0
76241.3290731667
76241.577685875
20.2449989318848
4.0
qjs
3
false
29
76242.6792455
76242.9292799583
19.3374996185303
4.0
76243.2624600833
76243.4459528333
10.7574996948242
4.0
76243.8958139583
76244.0792287917
32.752498626709
1.0
ngo
3
false
30
76246.1460271667
76246.4628401667
14.3049983978271
4.0
76246.7625875833
76246.9794727083
3.00250053405762
4.0
76247.3295162917
76247.612770625
17.1100006103516
4.0
rwj
4
false
31
76248.8796989583
76249.1463322917
7.29250049591064
4.0
76250.246478625
76250.5630095833
16.6975002288818
4.0
76251.32989725
76251.6629024167
25.2775001525879
4.0
76252.4630119583
76252.6963613333
7.21000003814697
4.0
nla
4
false
32
76253.9300042917
76254.3134309583
8.44750022888184
4.0
76255.1967645
76255.4801467083
14.4699993133545
4.0
76255.713263125
76255.9300066667
14.1399993896484
4.0
76256.56357625
76256.6463214167
1.35249996185303
4.0
ftk
3
false
33
76257.8137692917
76258.046848
8.36499977111816
4.0
76258.547032375
76258.7802019167
16.0375003814697
4.0
76259.68031
76259.8637595833
10.7574996948242
4.0
uiz
11
false
34
76261.0802819167
76261.3305169583
22.1424999237061
4.0
76262.2805621667
76262.4802815833
9.60249996185303
4.0
76262.6971305417
76262.7637421667
33.0
1.0
76266.0624327917
76266.6475817083
13.0675010681152
4.0
76267.4810125417
76267.7309467083
17.6875
4.0
76267.9140724583
76268.0974239167
7.21000003814697
4.0
76268.2974022083
76268.4309227917
33.0
1.0
76269.2307168333
76269.59766425
10.7574996948242
4.0
76273.2477289583
76273.531280875
25.0300006866455
4.0
76274.0313739583
76274.1980837917
10.3450002670288
4.0
76274.4811487083
76274.7145324167
24.6999988555908
4.0
egd
3
false
35
76276.48146675
76276.6648565
5.23000049591064
4.0
76277.38120875
76277.7148984167
10.0150003433228
4.0
76278.3481651667
76278.4816089167
2.34249973297119
4.0
qrs
3
false
36
76279.7484059583
76280.2149762083
12.5725002288818
4.0
76280.6818460833
76280.9817027917
16.4499988555908
4.0
76281.4985644583
76281.9817282083
17.1925010681152
4.0
aor
3
false
37
76283.19861025
76283.314863625
0.362499713897705
4.0
76283.7151790833
76284.0485562917
17.4400005340576
4.0
76285.6488356667
76285.9320017917
20.1625003814697
4.0
mnp
3
false
38
76287.5654722083
76287.8320570417
9.02500057220459
4.0
76288.048728625
76288.2654470833
15.1300010681152
4.0
76289.2154124167
76289.4488137917
21.0700016021729
4.0
hyk
5
false
39
76293.5490303333
76293.7993375833
10.0975008010864
4.0
76294.4326281667
76294.782558
21.3175010681152
4.0
76295.8494960417
76296.0495067917
4.32250022888184
4.0
76296.2825898333
76296.5995125417
16.8625011444092
4.0
76297.0829274167
76297.2824859583
13.5625
4.0
coe
3
false
40
76298.5161362083
76298.666290375
2.42499971389771
4.0
76299.4160377917
76299.683034
19.75
4.0
76300.0998365417
76300.3163613333
4.32250022888184
4.0
jjb
3
false
41
76301.466350125
76301.7497469583
9.19000053405762
4.0
76301.949568125
76302.1665774167
9.51999950408936
4.0
76302.4997303333
76302.683159125
4.65249919891357
4.0
wso
3
false
42
76304.1498704583
76305.2330177083
19.0900001525879
4.0
76305.666195375
76306.2495634583
19.0075016021729
4.0
76306.950044125
76307.5985819583
14.2224998474121
4.0
wjn
3
false
43
76309.63328075
76310.217087
18.2649993896484
4.0
76310.58361425
76310.8336205
15.7899990081787
4.0
76311.700222375
76311.9503535417
13.3150005340576
4.0
iiq
3
false
44
76313.1672823333
76313.3670878333
6.30249977111816
4.0
76313.683764875
76313.900519125
7.375
4.0
76314.7007041667
76314.933966625
21.6475009918213
4.0
wsc
3
false
45
76316.1673695417
76316.51713975
21.3999996185303
4.0
76317.3340217083
76317.6342238333
19.2550010681152
4.0
76318.4175235
76318.5508593333
5.23000049591064
4.0
okf
3
false
46
76319.8009091667
76320.3175205833
18.2649993896484
4.0
76321.2011465833
76321.4180686667
8.69499969482422
4.0
76321.684209
76321.80114825
4.56999969482422
4.0
fvu
3
false
47
76323.0510352917
76323.2508072083
7.62249946594238
4.0
76323.734464375
76324.0012414167
25.1950016021729
4.0
76324.3010239167
76324.5512147083
14.5524997711182
4.0
xxl
3
false
48
76326.068186125
76326.3346839167
26.2674999237061
4.0
76326.51793775
76326.784668375
19.3374996185303
4.0
76327.5848242083
76327.7847575417
14.3049983978271
4.0
mac
6
false
49
76329.0850592083
76329.3184257917
13.5625
4.0
76329.6184305417
76329.7516630417
3.00250053405762
4.0
76330.2182137917
76330.3684901667
6.38500022888184
4.0
76331.0515198333
76331.28510525
14.1399993896484
4.0
76331.5183880417
76331.66832075
5.72499942779541
4.0
76331.85157325
76331.9850995833
1.26999998092651
4.0
sym
5
false
50
76333.7852468333
76334.2187249583
25.3600006103516
4.0
76334.6519135417
76335.051840625
18.3474998474121
4.0
76335.61854325
76335.9188175833
22.4724998474121
4.0
76336.001936
76336.285330375
18.8425006866455
4.0
76336.91869125
76337.185264
16.6149997711182
4.0
guc
4
false
51
76338.7688658333
76341.5021434167
14.2224998474121
4.0
76342.169128
76342.3691410833
6.55000019073486
4.0
76342.7024800417
76343.0024447083
23.7100009918213
4.0
76343.835915375
76343.9691952083
3.25
4.0
bjv
3
false
52
76345.4860819167
76345.6693067917
6.13749980926514
4.0
76345.985798
76346.2026012083
10.7574996948242
4.0
76346.7524883333
76347.03443325
21.0700016021729
4.0
tkk
3
false
53
76348.6362114167
76349.452688125
20.2449989318848
4.0
76350.2528632917
76350.619883875
12.1599998474121
4.0
76350.7695571667
76350.9696068333
11.0050010681152
4.0
wis
6
false
54
76352.5531464167
76352.8531502917
20.6574993133545
4.0
76353.9199881667
76354.1030155833
7.21000003814697
4.0
76354.3364161667
76354.5030289167
6.38500022888184
4.0
76355.3197899583
76355.686599
20.0799999237061
4.0
76355.8865932083
76356.1034145
12.6550006866455
4.0
76356.3532354167
76356.685161375
25.0300006866455
4.0
vfl
4
false
55
76359.886756
76360.4701407083
16.4499988555908
4.0
76361.3368903333
76361.737185875
9.10750007629395
4.0
76362.5702548333
76362.753645375
16.2024993896484
4.0
76362.8560493333
76362.9021962917
-5.0
4.0
yae
3
false
56
76364.70394175
76365.720474
24.3699989318848
4.0
76366.2373462083
76366.3707345
1.59999990463257
4.0
76366.6039305833
76366.754044125
6.88000011444092
4.0
saf
3
false
57
76370.1040814167
76371.070866
14.1399993896484
4.0
76371.370961125
76371.520925375
4.23999977111816
4.0
76371.8707080417
76372.121161125
12.6550006866455
4.0
wri
3
false
58
76373.6876932083
76374.4380183333
21.6475009918213
4.0
76375.004525875
76375.75447575
16.5324993133545
4.0
76376.4381870417
76376.58816575
5.06500053405762
4.0
toq
3
false
59
76377.8715185417
76378.5213344167
19.0900001525879
4.0
76379.6214564167
76379.954669
19.4200000762939
4.0
76380.221389125
76380.4549399167
13.4799995422363
4.0
ipo
3
false
60
76381.7050581667
76381.8883626667
8.77749919891357
4.0
76382.1384568333
76382.3384902917
14.4699993133545
4.0
76382.5216382083
76382.7216782917
14.5524997711182
4.0
aim
3
false
61
76384.0551953333
76384.155078875
-0.710000038146973
4.0
76384.5385620833
76384.7217610417
6.22000026702881
4.0
76385.0053245417
76385.2214384167
19.5025005340576
4.0
yhm
6
false
62
76387.8055143333
76388.0554754167
13.4799995422363
4.0
76388.8722235833
76389.1554123333
27.5875015258789
4.0
76390.3723149583
76390.588950625
10.5924997329712
4.0
76391.4223846667
76391.8056356667
26.3500003814697
4.0
76391.9889223333
76392.2555477917
14.0574989318848
4.0
76393.572206375
76393.9055465417
18.0174999237061
4.0
blx
3
false
63
76395.222663875
76395.389252625
6.05500030517578
4.0
76395.8727102917
76396.2059464583
13.0675010681152
4.0
76396.6226805
76397.054493875
20.6574993133545
4.0
nzi
8
false
64
76398.3061787083
76398.6227206667
9.68499946594238
4.0
76399.0562116667
76399.5060085833
25.3600006103516
4.0
76399.70586825
76399.82269425
-1.86500000953674
4.0
76400.0060607083
76400.2060648333
12.0774993896484
4.0
76401.0395842917
76401.2896139583
10.0150003433228
4.0
76402.08976475
76402.3730619583
17.8524990081787
4.0
76402.5063787083
76402.8230829167
18.0174999237061
4.0
76403.4395590417
76403.7730035
10.5100002288818
4.0
zez
10
false
65
76405.0732586667
76405.5063110833
19.1725006103516
4.0
76406.006613875
76406.1564324583
2.25999975204468
4.0
76406.9401211667
76407.039854875
33.0
1.0
76406.9401211667
76407.8399972917
33.0
1.0
76406.9401211667
76408.6235269583
19.5850009918213
4.0
76409.4567310833
76409.6737025
8.19999980926514
4.0
76409.8400479167
76409.9899675833
33.0
1.0
76410.7399571667
76411.1234915417
22.5549983978271
4.0
76411.3904377083
76411.5734440417
10.3450002670288
4.0
76411.7903272917
76412.0888119583
27.5875015258789
4.0
dxr
6
false
66
76413.9737705
76414.157052125
5.39499950408936
4.0
76414.62396975
76415.0071280833
27.0925025939941
4.0
76415.6070787917
76415.8910569583
9.27250003814697
4.0
76416.623891375
76416.8074714167
6.30249977111816
4.0
76416.957234625
76417.2740647917
21.3175010681152
4.0
76418.2738780833
76418.69025975
14.2224998474121
4.0
nuz
3
false
67
76420.2903743333
76420.6074825833
15.2950000762939
4.0
76420.89107575
76421.3909054167
18.2649993896484
4.0
76421.57412175
76421.9241729167
20.4099998474121
4.0
scm
3
false
68
76424.241200375
76424.8909170833
15.1300010681152
4.0
76425.5244938333
76425.6580106667
2.09500026702881
4.0
76425.99134675
76426.2745930417
14.2224998474121
4.0
rze
3
false
69
76427.7582928333
76428.3248044583
15.0475006103516
4.0
76428.8912296667
76429.291264
23.3800010681152
4.0
76429.674746125
76429.841508375
8.61250019073486
4.0
ibu
3
false
70
76431.0417104167
76431.3249829167
9.27250003814697
4.0
76431.59155475
76431.7248724583
3.82750034332275
4.0
76432.658444125
76433.0068595833
27.2574996948242
4.0
dcm
3
false
71
76434.4584585417
76434.6418545
7.53999996185303
4.0
76435.175235875
76435.3419706667
4.07499980926514
4.0
76435.6750359583
76435.9735186667
18.4299983978271
4.0
fwa
3
false
72
76437.40866975
76437.5753816667
4.73499965667725
4.0
76438.1920019583
76438.9085962917
21.6475009918213
4.0
76439.2589172083
76439.4422923333
6.05500030517578
4.0
akc
5
false
73
76440.6920804583
76440.792109375
-0.957499980926514
4.0
76441.3923279167
76442.242170375
15.0475006103516
4.0
76442.7755697917
76442.9088764583
0.610000133514404
4.0
76443.1923411667
76443.458963625
10.4274997711182
4.0
76443.6592635417
76443.80915025
2.25999975204468
4.0
nsv
3
false
74
76445.542602375
76445.9923389167
12.3249988555908
4.0
76446.6257689583
76447.0924663333
19.0900001525879
4.0
76447.576014
76447.9744688333
25.5249996185303
4.0
rap
3
false
75
76449.5260844583
76450.0593753333
21.3999996185303
4.0
76450.3262857917
76450.442887625
2.01250028610229
4.0
76450.74272375
76450.991363375
23.0500011444092
4.0
jbx
3
false
76
76452.492896125
76452.759764625
6.05500030517578
4.0
76453.5430830417
76453.69352475
5.3125
4.0
76454.6099528333
76455.059449125
22.3899993896484
4.0
lkg
3
false
77
76456.576546375
76456.793309125
9.27250003814697
4.0
76457.0428904583
76457.209996125
9.51999950408936
4.0
76457.9102624583
76458.0601853333
7.375
4.0
