xcj
0
false
0
xcj
18
false
0
98686.471799125
98687.58838
24.1224994659424
3.0
98688.3048990417
98688.671974
9.4375
3.0
98688.7216773333
98689.0886427917
5.14750003814697
3.0
98689.8050991667
98689.9218927083
33.0
1.0
98689.8050991667
98692.2554842083
11.1700000762939
3.0
98693.5720785
98693.7387310833
33.0
1.0
98693.5720785
98694.605401375
33.0
1.0
98693.5720785
98695.4054871667
33.0
1.0
98693.5720785
98702.2897972917
27.1749992370605
3.0
98703.2397131667
98704.8730009583
11.0050010681152
3.0
98707.539802125
98708.690044
7.04500007629395
3.0
98708.7394666667
98709.1731095833
13.0675010681152
3.0
98709.6733507917
98709.9398737917
32.6700019836426
1.0
98709.6733507917
98711.1231613333
27.4225006103516
3.0
98711.5899428333
98711.906593
32.752498626709
1.0
98711.5899428333
98715.0234450417
23.1325016021729
3.0
98715.873889
98716.406857
3.08500003814697
3.0
98717.3738375417
98718.5407534167
9.35500049591064
3.0
aqr
4
false
1
98721.5408347083
98721.7739975833
1.02250003814697
3.0
98723.45738825
98724.891211875
15.1300010681152
3.0
98725.457640375
98726.8744307917
16.0375003814697
3.0
98727.4743860417
98728.9410579583
17.0275001525879
3.0
gms
3
false
2
98733.0581453333
98733.90823425
5.06500053405762
3.0
98734.591431
98735.957991125
11.1700000762939
3.0
98736.8417470833
98738.0585599583
17.0275001525879
3.0
ipv
7
false
3
98741.6586999583
98742.442129875
8.03500080108643
3.0
98743.1416299167
98744.3253258333
14.0574989318848
3.0
98745.5755545833
98746.6592417083
25.2775001525879
3.0
98746.8756395833
98747.0589425
4.32250022888184
3.0
98748.0923412917
98748.2089353333
33.0
1.0
98748.0923412917
98748.9257174583
33.0
1.0
98748.0923412917
98751.5427875417
19.0075016021729
3.0
kbg
5
false
4
98755.2762794167
98756.4429819583
12.2424983978271
3.0
98757.1763865833
98757.8764947917
5.39499950408936
3.0
98758.09284075
98758.2931772083
0.0325002670288086
3.0
98759.2099894583
98759.3930835833
33.0
1.0
98759.2099894583
98761.3768035417
5.14750003814697
3.0
ywt
3
false
5
98764.360032875
98766.0269690833
24.0399990081787
3.0
98766.8603040417
98768.0435916667
21.3999996185303
3.0
98768.7938437083
98771.2107312083
22.3074989318848
3.0
zfs
4
false
6
98773.7942485833
98776.277477
27.0100021362305
3.0
98776.7774907917
98777.8105392917
4.07499980926514
3.0
98778.3778299167
98779.444597125
5.06500053405762
3.0
98780.0446659583
98781.5277782917
18.0174999237061
3.0
bgo
3
false
7
98784.2115739583
98785.111075875
3.00250053405762
3.0
98785.928269875
98786.9448084167
6.05500030517578
3.0
98787.844560125
98788.945005625
14.0574989318848
3.0
icx
8
false
8
98791.27871775
98792.628598125
10.0975008010864
3.0
98793.5453214167
98794.3788610833
2.01250028610229
3.0
98795.0455975
98796.0787744167
5.23000049591064
3.0
98796.7621811667
98798.2458427083
22.1424999237061
3.0
98798.3456464167
98798.5957382917
0.197499752044678
3.0
98799.3625392917
98799.5124105417
33.0
1.0
98799.3625392917
98800.3124091667
33.0
1.0
98799.3625392917
98802.5124995833
23.1325016021729
3.0
dfm
3
false
9
98807.86316775
98808.4626622083
2.01250028610229
3.0
98809.31286125
98810.2793495
4.15750026702881
3.0
98811.0633400833
98811.963332875
11.0874996185303
3.0
mli
3
false
10
98814.9636059583
98817.1301132917
14.3874988555908
3.0
98817.6468745
98818.4636326667
12.0774993896484
3.0
98819.2470648333
98819.980449125
10.0150003433228
3.0
dso
3
false
11
98822.38080725
98822.8972335417
3.00250053405762
3.0
98823.9140716667
98825.0810030417
18.0174999237061
3.0
98825.7476565417
98826.931085625
13.2325000762939
3.0
ntz
3
false
12
98829.4308984167
98830.44805625
11.0874996185303
3.0
98830.9980792083
98832.2313912917
18.1824989318848
3.0
98832.6981173333
98834.4480062083
26.0200004577637
3.0
xgu
25
false
13
98838.6819073333
98842.381857875
27.5050010681152
3.0
98842.5151034167
98842.598421625
-5.0
3.0
98843.6652268333
98844.3652478333
27.2574996948242
3.0
98845.298824
98846.0154402917
27.2574996948242
3.0
98846.7823165417
98846.8989743333
0.0325002670288086
3.0
98846.9822994167
98848.1653567083
27.0100021362305
3.0
98848.9319385417
98851.0491100417
27.0100021362305
3.0
98851.93250225
98852.1493224167
32.9174995422363
1.0
98854.6992985
98856.1997239583
25.1950016021729
3.0
98857.116287375
98858.066182875
6.38500022888184
3.0
98859.1163144583
98860.099906625
20.1625003814697
3.0
98861.0664195
98863.683436125
21.0700016021729
3.0
98863.8831060833
98864.73327175
-0.875
3.0
98865.266664125
98865.90035075
27.4225006103516
3.0
98866.4833602083
98866.60003475
1.10500001907349
3.0
98866.7167957083
98866.9001665417
6.05500030517578
3.0
98867.5170484583
98867.6167680417
-0.875
3.0
98868.116881875
98868.2001700417
-1.94749999046326
3.0
98869.6672004167
98869.767136375
-0.957499980926514
3.0
98870.2504359167
98870.350377
-0.957499980926514
3.0
98870.8336715417
98871.2337380833
33.0
1.0
98874.5838540833
98876.86743375
23.3800010681152
3.0
98877.8340967917
98878.8678248333
11.2525005340576
3.0
98879.55093825
98881.8680482083
17.1100006103516
3.0
98882.40122175
98883.3846112917
19.2550010681152
3.0
ykp
13
false
14
98887.201815625
98890.7349226667
27.0925025939941
3.0
98891.6852809167
98892.6686332917
9.02500057220459
3.0
98893.4520863333
98894.785285125
15.2950000762939
3.0
98895.85227275
98897.434107875
27.0100021362305
3.0
98897.9023240833
98898.185923625
33.0
1.0
98899.4189048333
98901.3192019167
25.4425010681152
3.0
98902.0859113333
98906.9697802917
14.2224998474121
3.0
98907.7697404167
98909.8198776667
14.2224998474121
3.0
98910.7033163333
98913.7704662917
12.3249988555908
3.0
98914.3534942917
98916.1023681667
16.2849998474121
3.0
98918.4870169583
98920.33709475
9.19000053405762
3.0
98921.25362325
98921.8538519167
11.3350009918213
3.0
98922.5372227083
98924.820504625
21.3999996185303
3.0
eue
4
false
15
98927.670907125
98928.3541023333
4.15750026702881
3.0
98929.454481
98930.9709169167
24.0399990081787
3.0
98931.7545692083
98934.821133
21.1525001525879
3.0
98935.5548696667
98936.6714749583
4.07499980926514
3.0
mjv
6
false
16
98939.57170125
98942.4550000833
12.1599998474121
3.0
98943.0052474583
98943.8553949583
9.02500057220459
3.0
98944.4053262917
98947.0890019167
14.0574989318848
3.0
98947.8387383333
98950.4721835417
23.2150001525879
3.0
98951.0224685833
98953.8724444583
15.2124996185303
3.0
98954.405964
98955.7225115
23.1325016021729
3.0
qip
4
false
17
98959.1897084167
98962.123120625
21.0700016021729
3.0
98962.8893383333
98963.856389
8.03500080108643
3.0
98964.7565572083
98966.5568563333
14.0574989318848
3.0
98967.15678475
98968.7233998333
16.0375003814697
3.0
knd
4
false
18
98971.7739499167
98972.6569735833
10.1800003051758
3.0
98973.1904345833
98974.2071407083
15.0475006103516
3.0
98975.1073340417
98977.3236214167
15.0475006103516
3.0
98977.9404085
98978.7410776667
4.07499980926514
3.0
ijm
5
false
19
98981.1075890833
98983.40792525
11.2525005340576
3.0
98983.9246719583
98985.5248266667
12.0774993896484
3.0
98985.9748019167
98987.4249324583
13.0675010681152
3.0
98987.9583645417
98989.3579735833
9.19000053405762
3.0
98989.8416615417
98990.8251372917
12.2424983978271
3.0
xoj
3
false
20
98993.541967875
98999.5923964583
27.2574996948242
3.0
99000.2258589583
99002.7593925417
16.2024993896484
3.0
99003.442462625
99004.8260490833
10.1800003051758
3.0
ude
4
false
21
99010.7597072917
99012.15997225
22.2250003814697
3.0
99013.0932715833
99013.7266564167
3.25
3.0
99014.476465625
99015.493470125
5.06500053405762
3.0
99016.0599722917
99016.7936299583
5.06500053405762
3.0
srk
4
false
22
99019.6770145833
99020.8267819167
19.0075016021729
3.0
99021.3103117917
99022.393823375
15.2124996185303
3.0
99022.4436391667
99023.5770455
21.0700016021729
3.0
99024.31055275
99025.34409275
8.03500080108643
3.0
pyq
8
false
23
99027.993939
99029.694338875
18.1000003814697
3.0
99030.1943767917
99033.6113232083
27.1749992370605
3.0
99034.2277405417
99037.7949609583
18.1000003814697
3.0
99037.9945264583
99038.344710875
-1.94749999046326
3.0
99040.644865375
99040.7783397917
33.0
1.0
99042.028188625
99043.7115805
17.0275001525879
3.0
99044.161866375
99046.428687125
25.0300006866455
3.0
99046.9286105
99047.8953210417
15.0475006103516
3.0
urf
3
false
24
99050.328908375
99051.4785369167
21.2350006103516
3.0
99052.0954649167
99053.5126295833
17.1100006103516
3.0
99054.1123169167
99057.81291075
16.1199989318848
3.0
gso
12
false
25
99060.229086375
99061.613165875
10.4274997711182
3.0
99062.1629979583
99064.4797527917
18.1000003814697
3.0
99064.662976125
99064.762970375
-5.0
3.0
99065.2632047917
99067.1632262917
15.0475006103516
3.0
99068.01348175
99070.6634499583
17.1925010681152
3.0
99071.3968381667
99073.48073375
18.1000003814697
3.0
99077.3308844583
99078.8805480417
20.1625003814697
3.0
99079.5472585833
99084.613029375
22.2250003814697
3.0
99085.247591875
99086.6981682917
14.0574989318848
3.0
99086.99816425
99088.3147785
19.0900001525879
3.0
99088.7648789583
99089.6483562083
19.1725006103516
3.0
99090.1817317083
99091.2813941667
16.0375003814697
3.0
qxi
6
false
26
99095.7818301667
99096.7818792917
17.1100006103516
3.0
99097.3319532917
99098.8823051667
21.0700016021729
3.0
99099.715354875
99099.965541625
32.752498626709
1.0
99099.715354875
99103.1655619583
19.5025005340576
3.0
99103.632359875
99105.29903175
22.2250003814697
3.0
99105.4991230833
99107.1488662083
12.2424983978271
3.0
vvr
8
false
27
99109.199637125
99111.5661795417
27.3400001525879
3.0
99112.6163031667
99112.699767125
33.0
1.0
99112.6163031667
99113.3835184167
-1.86500000953674
3.0
99113.9831185
99114.0830562917
33.0
1.0
99113.9831185
99117.2665750833
33.0
1.0
99113.9831185
99121.9835542917
26.5149993896484
3.0
99122.4503835833
99124.1839774167
24.0399990081787
3.0
99124.6503901667
99128.3175409167
21.3175010681152
3.0
azc
10
false
28
99130.234136375
99130.9844032917
4.23999977111816
3.0
99132.0176197083
99132.117464375
33.0
1.0
99132.0176197083
99133.017575875
33.0
1.0
99132.0176197083
99133.7176620833
33.0
1.0
99132.0176197083
99134.31779925
33.0
1.0
99132.0176197083
99136.167952875
0.115000247955322
3.0
99136.8846689167
99137.1513375417
32.752498626709
1.0
99136.8846689167
99139.28494875
6.05500030517578
3.0
99139.8847465833
99142.28497675
26.0200004577637
3.0
99143.0183610833
99143.7851991667
2.09500026702881
3.0
ytb
5
false
29
99145.451719375
99148.1855224583
24.0399990081787
3.0
99148.9521413333
99150.75198775
18.1000003814697
3.0
99151.335758125
99152.6690188333
4.15750026702881
3.0
99152.8687324583
99153.0856862083
2.01250028610229
3.0
99153.735760625
99153.8522210417
33.0
1.0
ntb
3
false
30
99155.9524965
99157.069274
14.1399993896484
3.0
99157.7861609583
99158.7860027083
17.1925010681152
3.0
99158.8357644167
99160.6528559583
18.1000003814697
3.0
wcj
4
false
31
99163.252886125
99164.169886375
22.1424999237061
3.0
99164.6864465833
99165.3198712917
3.08500003814697
3.0
99165.8032115417
99167.7367890417
8.03500080108643
3.0
99168.2533391667
99169.1700785833
10.0975008010864
3.0
qwl
8
false
32
99170.6202781667
99173.67049725
23.5450000762939
3.0
99174.5702451667
99174.6533825833
33.0
1.0
99174.5702451667
99175.2705329583
33.0
1.0
99174.5702451667
99175.7704670833
33.0
1.0
99174.5702451667
99176.2372768333
33.0
1.0
99174.5702451667
99179.7377235833
19.6674995422363
3.0
99180.2874765417
99181.1204637083
22.0599994659424
3.0
99181.7207895417
99182.45401625
12.0774993896484
3.0
ulh
3
false
33
99185.25455825
99186.9547578333
21.0700016021729
3.0
99187.387836875
99189.0211838333
13.2325000762939
3.0
99189.4547362917
99190.5215562917
8.03500080108643
3.0
nsc
3
false
34
99192.4880412917
99196.272045125
21.0700016021729
3.0
99196.7218292083
99197.7387533333
17.1100006103516
3.0
99198.1886272083
99199.1554252083
7.12750053405762
3.0
cry
3
false
35
99200.9220204167
99203.772433
5.14750003814697
3.0
99204.3392909583
99206.6390438333
18.1000003814697
3.0
99207.155912
99208.9393820417
23.1325016021729
3.0
tex
10
false
36
99210.5726717083
99211.8227440417
19.0900001525879
3.0
99212.322796375
99215.43988675
9.02500057220459
3.0
99215.9062510417
99218.7565553333
21.2350006103516
3.0
99219.3734679167
99220.440280625
14.3049983978271
3.0
99220.9734015
99222.2234890417
23.1325016021729
3.0
99222.807012875
99224.6406205417
16.2024993896484
3.0
99225.2735779583
99225.973884625
7.375
3.0
99226.773964375
99227.4570705
6.13749980926514
3.0
99228.1236039583
99228.3739427083
11.4174995422363
3.0
99229.2072205833
99230.7239434583
23.0500011444092
3.0
wzw
3
false
37
99232.4075702917
99233.4744212083
23.0500011444092
3.0
99233.99098275
99236.307602875
27.0925025939941
3.0
99236.8412332083
99238.3580315
25.1125011444092
3.0
gnh
3
false
38
99240.0080861667
99240.9583135
9.10750007629395
3.0
99241.041343875
99243.0416401667
16.5324993133545
3.0
99243.5915027917
99245.8583155417
10.0150003433228
3.0
omc
5
false
39
99345.64824075
99347.1149462917
13.1499996185303
3.0
99347.6151619583
99348.665081625
11.0874996185303
3.0
99349.3317780417
99350.1487135833
13.3150005340576
3.0
99350.6819460833
99351.331865875
11.2525005340576
3.0
99351.9486694583
99352.732282875
2.42499971389771
3.0
nge
8
false
40
99355.7155509583
99356.8823117917
15.2124996185303
3.0
99357.3491389583
99358.3491386667
7.04500007629395
3.0
99358.7993625833
99359.6327239167
5.06500053405762
3.0
99361.6325569167
99361.7325376667
33.0
1.0
99361.6325569167
99364.1661894583
16.0375003814697
3.0
99364.5994881667
99365.9992971667
7.04500007629395
3.0
99366.7496465833
99367.449628375
7.21000003814697
3.0
99368.1165117917
99368.9330461667
5.06500053405762
3.0
cpa
13
false
41
99370.8665355417
99371.6167991667
4.23999977111816
3.0
99372.4667796667
99374.9504585
17.1100006103516
3.0
99375.3834952917
99377.1339234167
7.29250049591064
3.0
99378.2171249167
99379.3670491667
15.1300010681152
3.0
99379.9837621667
99380.983921
14.3049983978271
3.0
99381.600917
99382.700706625
15.0475006103516
3.0
99383.1841145833
99385.0841131667
24.2049999237061
3.0
99385.5509130417
99388.5843008333
15.2950000762939
3.0
99389.1513571667
99390.3180275833
17.0275001525879
3.0
99390.7345334167
99391.134753375
16.5324993133545
3.0
99391.9177090417
99392.234712875
-0.792500019073486
3.0
99393.001261625
99396.034713375
20.4099998474121
3.0
99396.735046
99397.8850492917
3.00250053405762
3.0
pqy
11
false
42
99400.1532376667
99401.2518024167
15.0475006103516
3.0
99401.6520192917
99403.2183637917
16.0375003814697
3.0
99403.7020803333
99404.9519345833
16.2024993896484
3.0
99405.5690192917
99407.5192417083
22.3074989318848
3.0
99407.9522730417
99410.951087625
26.1849994659424
3.0
99411.5693196667
99413.1694387083
18.1000003814697
3.0
99413.702709875
99415.8860911667
20.4099998474121
3.0
99416.4530310833
99417.8362651667
25.4425010681152
3.0
99418.220005625
99419.036599
19.0075016021729
3.0
99419.3863894167
99419.8531702083
18.0174999237061
3.0
99420.5533959583
99421.5197241667
25.1125011444092
3.0
xah
3
false
43
99423.136786375
99424.3702543333
22.1424999237061
3.0
99424.8368147917
99425.28690125
2.17750024795532
3.0
99425.7202191667
99426.7868019583
11.2525005340576
3.0
mbf
8
false
44
99428.6205014167
99429.720693125
14.0574989318848
3.0
99430.687389375
99430.7871855417
33.0
1.0
99430.687389375
99431.420868125
33.0
1.0
99430.687389375
99431.9373566667
33.0
1.0
99430.687389375
99432.4040606667
33.0
1.0
99434.0205722917
99435.3540754167
10.0975008010864
3.0
99436.1210536667
99436.804118
3.16750049591064
3.0
99437.4043884583
99438.2545049583
8.11750030517578
3.0
oha
11
false
45
99440.1710953333
99441.321303125
14.2224998474121
3.0
99441.88794025
99443.438226625
7.12750053405762
3.0
99444.1047674167
99444.3379562083
-0.792500019073486
3.0
99444.4712581667
99444.8882004167
7.45749950408936
3.0
99445.488241625
99446.0550388333
27.0925025939941
3.0
99446.5549081667
99446.6715227917
32.9174995422363
1.0
99447.7714869583
99449.388288125
16.1199989318848
3.0
99449.938571375
99451.03837625
7.12750053405762
3.0
99451.4718184583
99451.638466125
1.02250003814697
3.0
99451.83905025
99452.1051444583
2.01250028610229
3.0
99453.071939375
99453.1718795
33.0
1.0
fqh
17
false
46
99455.437381625
99456.155683
6.38500022888184
3.0
99456.5887907083
99458.8056514583
17.1100006103516
3.0
99459.422263
99460.30573675
21.0700016021729
3.0
99461.00598525
99461.8399537917
10.0975008010864
3.0
99463.622534125
99463.70592075
33.0
1.0
99464.3892195
99464.5059803333
33.0
1.0
99465.0393475833
99465.1558688333
-5.0
3.0
99465.9061861667
99466.68970025
5.14750003814697
3.0
99467.17284925
99468.4395258333
16.0375003814697
3.0
99468.8230597917
99470.60638225
19.2550010681152
3.0
99471.3732497917
99472.9899446667
19.0900001525879
3.0
99473.4230807917
99473.85675
22.4724998474121
3.0
99473.9064061667
99474.6064739583
16.0375003814697
3.0
99474.7900062917
99474.8733595
33.0
1.0
99474.7900062917
99475.5234415417
33.0
1.0
99474.7900062917
99478.356758125
20.0799999237061
3.0
99478.9738032083
99479.757251375
8.11750030517578
3.0
fft
8
false
47
99481.7739795
99483.5408467917
8.11750030517578
3.0
99483.940690125
99485.840973875
9.02500057220459
3.0
99486.257434625
99489.624288375
19.1725006103516
3.0
99490.9575941667
99491.0413255
-0.792500019073486
3.0
99492.09111925
99492.1745979583
33.0
1.0
99492.7744424167
99494.4912686667
13.3975009918213
3.0
99494.8579367917
99495.5750594583
7.04500007629395
3.0
99495.9581241667
99497.5083913333
19.0075016021729
3.0
ozu
3
false
48
99499.0751689583
99500.608606625
15.1300010681152
3.0
99501.0086595417
99504.8085588333
25.1125011444092
3.0
99505.3254179167
99507.092055375
19.1725006103516
3.0
ptp
3
false
49
99509.8093177917
99510.80943175
16.1199989318848
3.0
99511.2924468333
99512.3422719583
20.0799999237061
3.0
99512.8093877917
99513.6090869583
15.1300010681152
3.0
svu
3
false
50
99515.9095472917
99518.576212125
21.3175010681152
3.0
99518.9928836667
99520.8428717083
21.0700016021729
3.0
99521.30975475
99522.0931134167
20.2449989318848
3.0
ain
4
false
51
99523.74353125
99525.77690425
4.48750019073486
3.0
99526.29349325
99527.1936953333
9.10750007629395
3.0
99527.9268623333
99529.7272272917
11.0050010681152
3.0
99530.3436659167
99532.1437264167
12.2424983978271
3.0
zvf
5
false
52
99533.8608924583
99534.0438405
32.6700019836426
1.0
99533.8608924583
99536.47745375
26.1024990081787
3.0
99536.9441005833
99539.7772877917
24.2875003814697
3.0
99540.5443325417
99542.0278038333
24.2049999237061
3.0
99542.711236
99544.4280532083
11.0874996185303
3.0
tkt
4
false
53
99549.878290875
99551.6619941667
20.0799999237061
3.0
99552.0952184583
99554.928572375
14.3049983978271
3.0
99555.828774875
99556.8623454167
10.1800003051758
3.0
99557.395661
99559.179280125
20.0799999237061
3.0
rsy
12
false
54
99560.9959157917
99563.5627641667
20.0799999237061
3.0
99563.9625872083
99564.8125632917
18.0174999237061
3.0
99565.2961404583
99567.87980925
26.1849994659424
3.0
99568.5128738333
99569.713149875
17.1100006103516
3.0
99570.2965170833
99573.7631489167
21.5650005340576
3.0
99574.1633882083
99579.130453875
25.4425010681152
3.0
99579.7139295833
99580.94682175
20.0799999237061
3.0
99581.4136802083
99582.2806840833
19.0900001525879
3.0
99582.730772625
99583.7807860417
16.0375003814697
3.0
99584.2306405833
99585.464164625
22.0599994659424
3.0
99585.53048625
99586.66395675
18.0174999237061
3.0
99587.1809943333
99588.9141119167
24.2049999237061
3.0
nhl
4
false
55
99590.714341
99591.9810605417
14.1399993896484
3.0
99592.36444175
99596.3813812083
14.1399993896484
3.0
99597.0482958333
99597.7483768333
8.03500080108643
3.0
99598.2483708333
99598.9316245833
12.0774993896484
3.0
exj
3
false
56
99600.9985711667
99602.5649857083
7.04500007629395
3.0
99603.0485332917
99604.9818155833
22.0599994659424
3.0
99605.548857625
99606.5319617917
9.02500057220459
3.0
nyh
12
false
57
99609.0818397083
99611.1488933333
12.0774993896484
3.0
99611.632489625
99613.115704125
24.0399990081787
3.0
99613.5992933333
99615.5496094167
10.1800003051758
3.0
99616.2158747917
99619.7828582917
27.0100021362305
3.0
99620.7498456667
99623.6985142083
26.1024990081787
3.0
99624.1999131667
99626.816580125
26.5149993896484
3.0
99627.3501779167
99627.8169382083
32.9174995422363
1.0
99627.3501779167
99630.9501825417
15.2950000762939
3.0
99631.367210625
99635.9337872917
26.0200004577637
3.0
99636.450824125
99637.7508937917
8.19999980926514
3.0
99638.3341870417
99639.400984
32.9174995422363
1.0
99640.267458125
99641.467838625
9.02500057220459
3.0
aod
8
false
58
99644.3511395
99646.0346645833
6.22000026702881
3.0
99646.68472175
99648.3513800833
15.0475006103516
3.0
99648.918109
99650.7682432917
18.0174999237061
3.0
99651.1682801667
99652.7183399167
13.1499996185303
3.0
99653.1018404167
99654.2518103333
15.0475006103516
3.0
99654.6189138333
99656.23521225
15.0475006103516
3.0
99656.7185949583
99658.31868
25.7725009918213
3.0
99658.985494
99660.4024659167
3.16750049591064
3.0
wve
4
false
59
99662.55250625
99664.8856355833
22.0599994659424
3.0
99665.3525479583
99667.61935425
21.2350006103516
3.0
99668.236222875
99669.569855125
22.0599994659424
3.0
99670.0528722917
99671.6029136667
4.23999977111816
3.0
pfo
7
false
60
99673.552997875
99676.786735125
18.1824989318848
3.0
99677.236755375
99679.0371208333
8.03500080108643
3.0
99679.6200225
99681.120477375
6.13749980926514
3.0
99681.6699381667
99682.3701971667
5.23000049591064
3.0
99682.8037479167
99683.4872055833
5.06500053405762
3.0
99683.8539347917
99687.1541924167
8.36499977111816
3.0
99687.754052375
99691.3044919167
18.3474998474121
3.0
hsa
3
false
61
99693.4873134167
99695.0713509167
12.4074993133545
3.0
99695.6045527083
99697.2879256667
19.0900001525879
3.0
99697.7714105
99698.6549055833
1.10500001907349
3.0
zam
5
false
62
99701.1215119583
99704.0553299167
25.0300006866455
3.0
99704.5384729167
99706.8383710833
3.33249950408936
3.0
99707.538551125
99708.1717634167
4.15750026702881
3.0
99708.3885758333
99708.738845375
0.0325002670288086
3.0
99709.5056850833
99710.7557020833
11.0874996185303
3.0
ldu
4
false
63
99712.939125875
99713.9224199583
11.0050010681152
3.0
99714.33931175
99715.3894901667
4.07499980926514
3.0
99715.8571912083
99716.67285425
4.07499980926514
3.0
99717.1893236667
99718.82267725
21.0700016021729
3.0
wrx
3
false
64
99720.7563514583
99723.4065879583
24.2875003814697
3.0
99723.973162375
99727.4568515
20.0799999237061
3.0
99727.9567644167
99730.1735946667
21.1525001525879
3.0
jvy
3
false
65
99732.0235708333
99733.307348375
12.0774993896484
3.0
99733.706969125
99734.8237476667
20.1625003814697
3.0
99735.2237465
99736.773867125
23.1325016021729
3.0
vzk
9
false
66
99738.324157625
99741.7074302917
32.9174995422363
1.0
99738.324157625
99746.3245130417
21.0700016021729
3.0
99746.8578419583
99748.991649875
25.3600006103516
3.0
99749.5081765
99752.1084826667
19.3374996185303
3.0
99752.8916120417
99755.3583323333
27.2574996948242
3.0
99755.925170125
99760.5755102917
27.2574996948242
3.0
99761.2587239167
99762.4755778333
23.0500011444092
3.0
99762.7921865417
99763.792281375
24.2049999237061
3.0
99764.0589956667
99766.8757932083
21.0700016021729
3.0
qkc
3
false
67
99769.20964175
99771.3597401667
16.2024993896484
3.0
99771.8596250417
99773.5932064583
10.0975008010864
3.0
99774.1430472083
99775.00969975
4.23999977111816
3.0
kie
4
false
68
99776.943208625
99778.5764795417
12.2424983978271
3.0
99779.0269050417
99780.07671925
9.02500057220459
3.0
99780.6601203333
99782.1937450417
8.03500080108643
3.0
99782.7438495
99784.3769879583
5.14750003814697
3.0
wjw
23
false
69
99786.043878875
99787.1607549167
21.1525001525879
3.0
99787.7272234167
99789.177512875
10.0975008010864
3.0
99789.5440574583
99790.82756625
21.2350006103516
3.0
99791.460882125
99792.9441676667
15.0475006103516
3.0
99793.5775716667
99795.3780300417
12.0774993896484
3.0
99795.84457275
99797.677861375
11.0874996185303
3.0
99798.2281397083
99803.3614228333
23.3800010681152
3.0
99803.9949609167
99806.5620846667
12.1599998474121
3.0
99807.1452697917
99808.1287670417
13.2325000762939
3.0
99808.5286622917
99809.6955299583
14.5524997711182
3.0
99810.0621770417
99812.228784875
13.2325000762939
3.0
99812.645812
99814.0293069583
11.0874996185303
3.0
99814.3957984583
99815.8289995
20.4099998474121
3.0
99816.079211375
99816.929395375
8.36499977111816
3.0
99817.3457973333
99818.4961392083
14.3874988555908
3.0
99819.0962095
99822.7130775833
23.2150001525879
3.0
99822.762714125
99824.5628570833
27.3400001525879
3.0
99825.0630289583
99825.1629824167
33.0
1.0
99825.8796105833
99827.4464638333
25.0300006866455
3.0
99827.846609125
99829.580300125
13.1499996185303
3.0
99830.03014975
99831.063547375
9.60249996185303
3.0
99831.3968007083
99832.5801760417
11.0050010681152
3.0
99833.0970799583
99834.3468703333
22.1424999237061
3.0
dgb
3
false
70
99836.963688375
99840.2642715
7.12750053405762
3.0
99840.7141974583
99842.2310597083
7.04500007629395
3.0
99842.831006125
99845.0309788333
3.00250053405762
3.0
ekr
3
false
71
99847.5644957917
99849.66476225
6.05500030517578
3.0
99850.1816914167
99851.3813409583
12.0774993896484
3.0
99851.864824375
99854.1648319167
19.0900001525879
3.0
ljz
3
false
72
99856.3983345417
99859.7488662083
14.2224998474121
3.0
99860.2155149167
99861.248861875
11.0874996185303
3.0
99861.6820641667
99865.73228025
27.5050010681152
3.0
gbq
3
false
73
99867.7327570833
99868.7160284583
7.04500007629395
3.0
99869.166122875
99870.31622525
3.08500003814697
3.0
99870.8495999167
99872.9163624583
16.0375003814697
3.0
urb
3
false
74
99875.8329814583
99878.750104875
22.2250003814697
3.0
99879.2998452083
99881.73333825
19.0075016021729
3.0
99882.2166393333
99883.966966
4.07499980926514
3.0
lhl
6
false
75
99885.7506234583
99888.1003696667
21.1525001525879
3.0
99888.5339002917
99890.8506467917
9.02500057220459
3.0
99891.4341467917
99893.9344142917
10.0150003433228
3.0
99894.6844533333
99895.4844869167
8.11750030517578
3.0
99895.917652875
99897.5013450833
10.0975008010864
3.0
99897.967885
99899.03445925
11.0050010681152
3.0
mlb
4
false
76
99900.80152725
99901.818187625
12.3249988555908
3.0
99902.318323125
99903.4514107083
12.0774993896484
3.0
99904.0514211667
99905.6018979167
11.0874996185303
3.0
99906.11851225
99907.4519204167
3.16750049591064
3.0
ddi
3
false
77
99909.16873525
99911.21825425
6.13749980926514
3.0
99911.63539525
99912.8190310833
4.07499980926514
3.0
99913.2356650833
99914.3190892917
8.03500080108643
3.0
uzu
5
false
0
100187.6204205
100188.853527375
18.1000003814697
4.0
100189.320221083
100191.220235792
24.0399990081787
4.0
100191.670455208
100192.737117083
23.0500011444092
4.0
100193.037062125
100194.50382125
24.0399990081787
4.0
100194.937540542
100196.303939875
20.2449989318848
4.0
zji
3
false
1
100198.337593625
100199.671175583
23.2150001525879
4.0
100200.137672708
100201.971317125
9.02500057220459
4.0
100202.321239
100203.021508875
8.11750030517578
4.0
lfo
3
false
2
100204.771244167
100206.239073958
12.2424983978271
4.0
100206.588101792
100207.288138417
7.12750053405762
4.0
100207.654733125
100209.221931917
15.2950000762939
4.0
phb
3
false
3
100211.621699333
100212.921782333
14.2224998474121
4.0
100213.338616833
100214.321627375
8.03500080108643
4.0
100214.755147667
100215.672155833
3.08500003814697
4.0
ans
3
false
4
100217.272325208
100217.922091
2.01250028610229
4.0
100218.33844025
100219.922847167
13.0675010681152
4.0
100220.305702292
100222.122308208
18.0174999237061
4.0
crb
3
false
5
100223.905873292
100225.722863458
8.03500080108643
4.0
100226.172671125
100227.456253375
16.0375003814697
4.0
100227.822799625
100228.489531
3.33249950408936
4.0
xhz
3
false
6
100229.972888
100232.489909083
22.1424999237061
4.0
100232.889754083
100233.840304042
9.02500057220459
4.0
100234.239861583
100236.006718708
24.0399990081787
4.0
zyg
3
false
7
100237.58978775
100239.006746458
24.2049999237061
4.0
100239.390101667
100241.390649458
22.1424999237061
4.0
100241.773751333
100242.790723583
6.05500030517578
4.0
jgw
3
false
8
100244.2240485
100246.257548917
17.1100006103516
4.0
100246.690932625
100248.057589375
12.1599998474121
4.0
100248.374082708
100249.5075065
20.0799999237061
4.0
dst
3
false
9
100251.074645083
100251.774432208
5.14750003814697
4.0
100252.257764375
100254.457753042
19.0075016021729
4.0
100254.807961833
100255.891042833
20.0799999237061
4.0
etc
3
false
10
100257.441274917
100259.37473225
8.03500080108643
4.0
100259.758141208
100261.024878625
19.0900001525879
4.0
100261.391643625
100262.0083015
3.00250053405762
4.0
xae
4
false
11
100263.391718042
100266.041848125
22.3074989318848
4.0
100266.508680917
100267.008853542
9.02500057220459
4.0
100267.091994042
100267.675272542
9.02500057220459
4.0
100267.808630833
100269.009050625
6.05500030517578
4.0
wef
3
false
12
100270.858882667
100272.892151417
21.1525001525879
4.0
100273.292429583
100274.125841667
5.06500053405762
4.0
100274.559419
100276.826618667
16.0375003814697
4.0
gwv
3
false
13
100278.37626575
100281.576449167
11.0050010681152
4.0
100281.976437083
100283.00969225
21.2350006103516
4.0
100283.393266708
100285.626476833
20.2449989318848
4.0
tit
3
false
14
100287.176642458
100288.926622292
19.0075016021729
4.0
100289.326625667
100290.510388958
11.0874996185303
4.0
100290.843141167
100291.7602635
18.0174999237061
4.0
rci
10
false
15
100293.210531292
100294.577081
19.0900001525879
4.0
100294.993957167
100295.59402675
5.06500053405762
4.0
100295.6605855
100295.943919
3.16750049591064
4.0
100296.160567958
100296.477443417
0.0325002670288086
4.0
100297.527593625
100298.027421917
27.5875015258789
4.0
100298.460802792
100299.727751458
9.10750007629395
4.0
100300.3442835
100301.411186583
3.25
4.0
100301.827595583
100302.744006542
7.04500007629395
4.0
100303.161118375
100303.911077292
6.38500022888184
4.0
100304.311290625
100304.994751958
7.12750053405762
4.0
jmp
3
false
16
100307.027889375
100308.228270833
9.02500057220459
4.0
100308.594961375
100309.311640833
10.1800003051758
4.0
100309.678108167
100310.44491125
14.2224998474121
4.0
ont
3
false
17
100311.995007083
100313.895372292
18.0174999237061
4.0
100314.311948708
100315.645568208
15.0475006103516
4.0
100316.045279958
100317.678795958
18.1000003814697
4.0
fok
3
false
18
100319.078957292
100321.695850417
10.0150003433228
4.0
100322.062339917
100323.145949417
15.0475006103516
4.0
100323.512520833
100324.52940925
11.0050010681152
4.0
grc
15
false
19
100325.912363708
100327.280478875
9.02500057220459
4.0
100327.679695125
100328.762576375
16.0375003814697
4.0
100329.279667583
100329.996173042
16.0375003814697
4.0
100330.39614875
100332.896581417
11.0050010681152
4.0
100333.563098458
100334.713175375
16.0375003814697
4.0
100335.113352333
100336.829923667
24.0399990081787
4.0
100337.280145792
100338.163572375
5.39499950408936
4.0
100338.696772583
100340.313527
17.1925010681152
4.0
100340.8799615
100344.163734625
18.4299983978271
4.0
100344.647123
100346.330796708
19.1725006103516
4.0
100347.297175375
100349.414029917
19.0075016021729
4.0
100349.747691083
100350.564132292
16.0375003814697
4.0
100350.980645
100353.463880333
21.0700016021729
4.0
100353.964401292
100355.998067208
5.06500053405762
4.0
100356.18096075
100356.247647667
-5.0
4.0
elk
3
false
20
100358.314494958
100359.414986208
4.07499980926514
4.0
100360.015142958
100361.331690333
10.0150003433228
4.0
100361.748236
100363.215309167
11.0874996185303
4.0
hgv
3
false
21
100364.798473208
100367.132081167
10.0150003433228
4.0
100367.498858
100368.265548042
7.04500007629395
4.0
100368.665361375
100370.232435542
20.1625003814697
4.0
hvn
5
false
22
100371.815754667
100372.515846792
8.03500080108643
4.0
100372.915625208
100374.865712792
22.0599994659424
4.0
100375.215883875
100376.499158
26.4324989318848
4.0
100376.815792458
100379.666004292
24.3699989318848
4.0
100380.166419875
100381.299359167
13.0675010681152
4.0
kdb
3
false
23
100382.966332
100383.883194667
12.0774993896484
4.0
100384.24966425
100384.899935
4.07499980926514
4.0
100385.216441458
100385.832942167
4.48750019073486
4.0
zsk
4
false
24
100387.382914333
100389.033243208
24.2049999237061
4.0
100389.633292208
100391.90010725
20.0799999237061
4.0
100392.400195667
100393.183489917
18.1000003814697
4.0
100393.767124917
100395.033666708
14.0574989318848
4.0
vdx
3
false
25
100396.433844125
100400.001006125
23.1325016021729
4.0
100400.567562292
100401.367739042
6.05500030517578
4.0
100401.734061667
100403.184160417
22.1424999237061
4.0
mfw
3
false
26
100404.684635667
100405.684403333
14.2224998474121
4.0
100406.067882958
100407.284800083
9.19000053405762
4.0
100407.701302542
100408.667749917
20.0799999237061
4.0
xgy
3
false
27
100410.068145958
100411.901420208
22.0599994659424
4.0
100412.435086542
100413.268380792
9.27250003814697
4.0
100413.668402125
100415.801698583
24.2875003814697
4.0
jzq
3
false
28
100417.235310375
100418.40189825
11.1700000762939
4.0
100418.868643708
100420.835700125
23.2150001525879
4.0
100421.302323625
100422.985568333
15.0475006103516
4.0
new
4
false
29
100424.785679125
100426.419052833
18.1000003814697
4.0
100426.885675125
100427.46948975
4.15750026702881
4.0
100428.069528167
100428.802571583
7.04500007629395
4.0
100429.252503833
100430.369757125
20.1625003814697
4.0
rvu
3
false
30
100431.986262833
100433.569627875
19.0075016021729
4.0
100434.002891375
100435.602994375
21.1525001525879
4.0
100436.00306275
100437.019795542
20.3274993896484
4.0
nqv
6
false
31
100438.470172042
100440.570470583
12.4074993133545
4.0
100440.986662125
100441.853387625
17.1925010681152
4.0
100442.270057708
100443.55344775
22.0599994659424
4.0
100444.237018333
100446.236924833
18.2649993896484
4.0
100446.770478875
100447.387398708
15.0475006103516
4.0
100447.887303542
100448.620641625
19.0900001525879
4.0
tis
3
false
32
100450.337481917
100452.704091
18.1000003814697
4.0
100453.087623333
100454.237780458
15.0475006103516
4.0
100454.637847458
100455.670930958
16.1199989318848
4.0
gcl
4
false
33
100457.537941125
100459.121592583
13.3150005340576
4.0
100459.504693917
100462.071700333
14.0574989318848
4.0
100462.521867958
100463.98885025
11.0050010681152
4.0
100464.505165625
100465.354986625
13.1499996185303
4.0
fjj
3
false
34
100467.005154917
100468.105434917
8.03500080108643
4.0
100468.555196625
100470.538571458
15.0475006103516
4.0
100470.905129042
100471.638681375
9.19000053405762
4.0
mge
3
false
35
100473.23885875
100474.22219475
13.0675010681152
4.0
100474.722191625
100475.388894583
6.55000019073486
4.0
100475.73928225
100476.45544925
6.46749973297119
4.0
hbk
3
false
36
100478.022658208
100478.889001042
9.10750007629395
4.0
100479.389330875
100480.472803667
4.23999977111816
4.0
100480.939384542
100482.189650958
11.0050010681152
4.0
wjl
4
false
37
100483.806099042
100484.872863917
20.0799999237061
4.0
100485.289572542
100486.4063515
16.0375003814697
4.0
100486.973289
100487.873496542
11.0050010681152
4.0
100488.339774167
100489.056740208
11.0050010681152
4.0
vyx
24
false
38
100490.489899958
100492.206624167
21.0700016021729
4.0
100492.673416792
100493.423483917
21.0700016021729
4.0
100493.92351975
100495.290700375
25.5249996185303
4.0
100495.873676667
100497.390753458
23.0500011444092
4.0
100497.873730083
100499.023933708
23.1325016021729
4.0
100499.240505375
100501.440878417
25.1125011444092
4.0
100501.590611875
100501.673887042
-5.0
4.0
100501.807437458
100503.107435542
24.1224994659424
4.0
100503.62422825
100504.441127375
22.1424999237061
4.0
100504.87412825
100505.891067667
22.2250003814697
4.0
100506.407676292
100507.441056167
24.0399990081787
4.0
100507.958031167
100509.474588917
23.0500011444092
4.0
100509.874716042
100512.708337167
25.0300006866455
4.0
100513.1416675
100517.525136875
24.0399990081787
4.0
100518.008400375
100519.475131333
23.1325016021729
4.0
100519.842054375
100520.891672292
21.1525001525879
4.0
100521.258746667
100522.508787833
24.1224994659424
4.0
100522.825537208
100524.075498333
24.4524993896484
4.0
100524.475591333
100525.775872125
26.5149993896484
4.0
100526.209027875
100527.192279292
20.0799999237061
4.0
100527.625763708
100528.742392542
25.2775001525879
4.0
100529.292847167
100530.359608375
23.0500011444092
4.0
100530.692649208
100531.459651333
23.1325016021729
4.0
100531.942719708
100532.709455792
22.1424999237061
4.0
dkx
3
false
39
100610.314596208
100610.881028417
2.01250028610229
4.0
100611.448093333
100612.614868083
8.11750030517578
4.0
100613.181318042
100614.581459
22.1424999237061
4.0
kvs
3
false
40
100616.315133583
100618.182508583
16.1199989318848
4.0
100618.581713208
100620.181504042
21.0700016021729
4.0
100620.565291333
100623.231693708
19.0075016021729
4.0
pur
3
false
41
100624.96573875
100626.082572208
17.0275001525879
4.0
100626.4830735
100627.782381
18.2649993896484
4.0
100628.14908825
100630.182816625
20.0799999237061
4.0
vnx
17
false
42
100631.782542333
100633.266283458
23.0500011444092
4.0
100633.6329165
100634.46627525
12.1599998474121
4.0
100634.815981333
100635.966235583
11.1700000762939
4.0
100636.349775958
100641.149951375
22.3899993896484
4.0
100641.699966042
100642.983330167
14.3874988555908
4.0
100643.550119917
100644.583503042
13.0675010681152
4.0
100644.983407708
100645.950239042
13.1499996185303
4.0
100646.417026333
100647.766933042
23.1325016021729
4.0
100648.2671425
100650.317053167
16.2024993896484
4.0
100650.683838375
100651.383854958
14.1399993896484
4.0
100651.733893292
100652.66726
14.0574989318848
4.0
100653.05073825
100653.867327333
12.1599998474121
4.0
100654.217448208
100656.051027583
18.0174999237061
4.0
100656.617802583
100659.084611958
22.2250003814697
4.0
100659.53472775
100660.584731667
13.0675010681152
4.0
100660.98462025
100661.851389167
15.0475006103516
4.0
100662.26810025
100664.068290042
24.1224994659424
4.0
als
5
false
43
100665.701733417
100666.418305292
4.15750026702881
4.0
100666.801630542
100668.03491475
12.0774993896484
4.0
100668.401902625
100669.168323292
13.2325000762939
4.0
100669.451518708
100670.418605083
13.1499996185303
4.0
100670.851855208
100673.051908333
19.0900001525879
4.0
zps
3
false
44
100674.752221667
100677.168857083
25.0300006866455
4.0
100677.702203208
100679.219352792
17.0275001525879
4.0
100679.636027958
100682.002457833
18.1000003814697
4.0
dxy
11
false
45
100683.685966083
100684.903030542
10.0150003433228
4.0
100685.302746625
100686.502775375
21.0700016021729
4.0
100686.952839625
100687.852933
24.0399990081787
4.0
100688.236483125
100689.619697042
23.1325016021729
4.0
100690.036541333
100692.119969125
24.1224994659424
4.0
100692.486627708
100693.9700005
23.2150001525879
4.0
100694.269982458
100695.603433708
24.0399990081787
4.0
100695.920391083
100698.220630292
27.0925025939941
4.0
100698.536953042
100700.103698625
21.1525001525879
4.0
100700.503982083
100701.687120083
23.2975006103516
4.0
100702.087235667
100703.253830958
22.0599994659424
4.0
bti
5
false
46
100704.921011917
100706.037672958
6.05500030517578
4.0
100706.73739
100708.23747725
18.0174999237061
4.0
100708.654667625
100709.287749708
9.02500057220459
4.0
100709.987902417
100711.10478
17.0275001525879
4.0
100711.587808833
100712.704558042
9.02500057220459
4.0
uaq
9
false
47
100714.388204417
100715.42155375
18.1000003814697
4.0
100715.871533
100716.488313958
3.00250053405762
4.0
100716.871578958
100718.88842425
15.0475006103516
4.0
100719.3716585
100720.638590583
4.15750026702881
4.0
100721.105003375
100722.038081417
4.15750026702881
4.0
100722.57198575
100724.138640958
17.0275001525879
4.0
100724.655559458
100726.539028833
8.11750030517578
4.0
100727.022154792
100727.988962042
6.05500030517578
4.0
100728.405639042
100729.405424208
15.1300010681152
4.0
jim
8
false
48
100731.155937708
100733.072751625
12.0774993896484
4.0
100733.389375292
100734.322683375
32.752498626709
1.0
100733.389375292
100734.90605
33.0
1.0
100733.389375292
100735.439540458
33.0
1.0
100733.389375292
100735.889645417
33.0
1.0
100733.389375292
100738.30611375
12.3249988555908
4.0
100738.622727417
100739.323266333
8.11750030517578
4.0
100739.706493167
100740.589344125
14.1399993896484
4.0
mpc
3
false
49
100742.606546458
100743.856580958
13.0675010681152
4.0
100744.2566835
100745.440177083
16.1199989318848
4.0
100745.856692167
100746.623151417
4.07499980926514
4.0
fau
9
false
50
100748.906585417
100749.606973208
7.04500007629395
4.0
100749.957199917
100750.1573135
2.01250028610229
4.0
100750.357008292
100750.607108875
2.17750024795532
4.0
100751.273739833
100751.82379525
27.4225006103516
4.0
100752.274040208
100752.823993333
27.3400001525879
4.0
100753.357316667
100754.057814542
27.3400001525879
4.0
100754.507401583
100756.624384375
12.1599998474121
4.0
100757.291028333
100758.7411325
4.15750026702881
4.0
100759.274261125
100760.707825625
20.0799999237061
4.0
net
3
false
51
100762.408035208
100764.408232375
13.1499996185303
4.0
100764.791280875
100765.825004
6.05500030517578
4.0
100766.19155
100768.17511575
19.0075016021729
4.0
zcy
3
false
52
100771.775548167
100773.891721833
27.0100021362305
4.0
100774.475339125
100775.558839708
7.12750053405762
4.0
100775.992144417
100777.44238075
22.3074989318848
4.0
xrm
3
false
53
100780.325602875
100782.076114458
21.0700016021729
4.0
100782.492473625
100784.392892292
18.0174999237061
4.0
100784.709647292
100785.692890375
13.0675010681152
4.0
lpo
3
false
54
100787.326272875
100788.243067083
14.2224998474121
4.0
100788.626253083
100789.542902542
17.1100006103516
4.0
100789.90953175
100790.776448458
16.2024993896484
4.0
rom
3
false
55
100792.426521292
100793.959864
17.1100006103516
4.0
100794.293047417
100795.660246958
16.1199989318848
4.0
100795.926719708
100796.660029292
13.0675010681152
4.0
hid
3
false
56
100798.210153083
100798.926951875
8.36499977111816
4.0
100799.243776333
100799.943793167
10.3450002670288
4.0
100800.327241958
100801.043921333
4.07499980926514
4.0
qly
3
false
57
100802.643870625
100803.844073542
16.0375003814697
4.0
100804.17738575
100805.610270583
19.0900001525879
4.0
100805.960747625
100807.077397042
23.0500011444092
4.0
niu
3
false
58
100808.527464375
100809.427490792
14.2224998474121
4.0
100809.777593792
100811.094684708
12.2424983978271
4.0
100811.427822125
100812.394451542
18.1000003814697
4.0
odb
3
false
59
100814.661182542
100816.694864708
16.0375003814697
4.0
100817.028206833
100817.761630208
5.06500053405762
4.0
100818.094951667
100818.944933167
4.40499973297119
4.0
inb
3
false
60
100820.46182025
100821.161884125
8.03500080108643
4.0
100821.528592167
100822.395140292
14.3049983978271
4.0
100822.795464292
100823.712098542
5.23000049591064
4.0
wzh
3
false
61
100825.128805208
100826.928507667
21.1525001525879
4.0
100827.262115167
100828.945832542
23.2975006103516
4.0
100829.312279167
100830.528841042
16.2024993896484
4.0
reh
3
false
62
100831.929221708
100832.879294208
17.2749996185303
4.0
100833.179388583
100833.962398792
8.03500080108643
4.0
100834.295951667
100835.812829792
12.0774993896484
4.0
fqk
3
false
63
100837.562941083
100838.196468042
7.21000003814697
4.0
100838.62953575
100840.263045708
20.3274993896484
4.0
100840.612972708
100841.379861667
11.0874996185303
4.0
alp
3
false
64
100844.879554208
100845.413491083
2.01250028610229
4.0
100845.880046583
100846.663286042
11.0874996185303
4.0
100847.030257625
100847.963084083
16.2024993896484
4.0
ogf
3
false
65
100850.363781875
100851.830612625
17.1100006103516
4.0
100852.197079083
100852.830555875
8.19999980926514
4.0
100853.180716833
100854.597103
11.0874996185303
4.0
kpq
3
false
66
100855.997370792
100856.697554792
11.0874996185303
4.0
100857.030838792
100857.830995792
14.0574989318848
4.0
100858.130913708
100858.89749875
14.0574989318848
4.0
bab
3
false
67
100860.297766208
100862.264202042
6.22000026702881
4.0
100862.681048792
100863.248022417
3.16750049591064
4.0
100863.614718042
100864.114813792
3.25
4.0
ywo
3
false
68
100865.497983375
100866.914744708
22.0599994659424
4.0
100867.331028333
100869.081477167
21.2350006103516
4.0
100869.41506825
100871.814974542
20.4099998474121
4.0
jqw
3
false
69
100873.265272667
100874.415444708
11.0050010681152
4.0
100874.765273458
100875.4988165
16.1199989318848
4.0
100875.882008083
100876.648658208
20.2449989318848
4.0
hlr
3
false
70
100878.13213
100878.882241958
7.21000003814697
4.0
100879.248988
100879.898887125
12.0774993896484
4.0
100880.249079833
100881.782298833
20.1625003814697
4.0
aac
3
false
71
100883.299057583
100883.748915417
1.26999998092651
4.0
100884.082493667
100884.832672833
5.23000049591064
4.0
100885.216070042
100885.832796083
5.3125
4.0
mdd
3
false
72
100887.266291458
100888.116110375
12.1599998474121
4.0
100888.466064417
100889.016436375
5.06500053405762
4.0
100889.266317792
100890.033002292
9.02500057220459
4.0
ycs
3
false
73
100891.432971875
100892.816273792
22.0599994659424
4.0
100893.19978425
100893.716727625
4.07499980926514
4.0
100894.049833917
100895.033454833
15.2124996185303
4.0
suy
3
false
74
100896.683556792
100897.416866625
17.1925010681152
4.0
100897.716724875
100898.567030458
20.0799999237061
4.0
100898.783365333
100899.533581875
23.7924995422363
4.0
pqm
3
false
75
100901.100263792
100902.616978458
16.2849998474121
4.0
100902.917043375
100903.567324292
15.0475006103516
4.0
100903.850901542
100904.483855875
15.0475006103516
4.0
euf
3
false
76
100906.150633125
100907.083917625
5.3125
4.0
100907.4008485
100908.167336708
19.0075016021729
4.0
100908.450697833
100911.851001458
19.0075016021729
4.0
tqo
3
false
77
100914.351127958
100915.667850708
17.1925010681152
4.0
100916.05139825
100917.218314708
15.1300010681152
4.0
100917.534789792
100918.21800875
15.1300010681152
4.0
