have, 3, false
107062.776856958, 107063.558025417, 22.1800003051758
107063.558025417, 107065.091491083, 26.2600002288818
107065.791117708, 107065.8565385, 0.0
have, 0, false
have, 4, true
107072.07361375, 107073.558600583, 6.20000076293945
107073.558600583, 107074.308751, 1.0149998664856
107074.308751, 107076.408864125, 20.3099994659424
107076.408864125, 107077.308877792, 3.22500038146973
hence, 5, true
107094.143021208, 107095.709811792, 6.11500072479248
107095.709811792, 107097.043492542, 4.15999984741211
107097.043492542, 107099.327048833, 14.019998550415
107099.327048833, 107100.277084167, 2.12000036239624
107100.277084167, 107101.2104485, 4.15999984741211
maybe, 5, true
107103.8756185, 107105.660707125, 11.1300001144409
107105.660707125, 107106.360686167, 0.164999961853027
107106.360686167, 107108.694344625, 24.1350002288818
107108.694344625, 107109.660960167, 3.05499982833862
107109.660960167, 107110.461152792, 3.05499982833862
unique, 6, true
107113.276331042, 107116.47766525, 19.1200008392334
107116.47766525, 107118.028163625, 15.2099990844727
107118.028163625, 107119.478269125, 8.06999969482422
107119.478269125, 107121.028446583, 15.125
107121.028446583, 107122.978556292, 20.1399993896484
107122.978556292, 107124.161952208, 3.1399998664856
supposed, 8, false
107126.960493333, 107128.928980583, 18.0999984741211
107128.928980583, 107130.71227, 20.1399993896484
107130.71227, 107133.379070792, 14.3600006103516
107133.379070792, 107134.845722542, 15.2950000762939
107134.845722542, 107136.945874833, 14.019998550415
107136.945874833, 107139.029605, 17.1650009155273
107139.029605, 107140.129718625, 5.09500026702881
107140.129718625, 107141.346649792, 7.04999923706055
supposed, 10, true
107142.912804708, 107146.380020875, 18.1849994659424
107146.380020875, 107148.77988525, 20.2249984741211
107148.77988525, 107150.297063958, 15.0400009155273
107150.297063958, 107151.463672, 14.105001449585
107151.463672, 107152.79712375, 13.0
107152.79712375, 107154.213671708, 17.1650009155273
107154.213671708, 107155.147306542, 4.07499980926514
107155.147306542, 107155.947637, 3.05499982833862
107157.829307458, 107157.897086167, 0.0
107158.097118458, 107158.1970845, 0.0
england, 7, true
107160.314064542, 107161.747833958, 3.22500038146973
107161.747833958, 107164.547975792, 12.0650005340576
107164.547975792, 107165.764598167, 5.00999927520752
107165.764598167, 107167.464864917, 11.0450000762939
107167.464864917, 107168.298210292, 1.18499994277954
107168.298210292, 107170.231468917, 14.1900005340576
107170.231468917, 107171.198453875, 4.07499980926514
toured, 7, true
107172.646876958, 107175.132041042, 19.375
107175.132041042, 107176.44865625, 15.2099990844727
107176.44865625, 107178.382235167, 20.0550003051758
107178.382235167, 107181.315744208, 17.0799999237061
107181.315744208, 107182.39913875, 3.1399998664856
107182.39913875, 107183.232424417, 4.07499980926514
107184.13220675, 107184.19873875, 0.0
occasion, 9, true
107186.897822708, 107188.23268425, 17.0799999237061
107188.23268425, 107189.232913458, 2.03499984741211
107189.232913458, 107189.99991375, 2.03499984741211
107189.99991375, 107190.749554417, 2.03499984741211
107190.749554417, 107193.549890583, 17.25
107193.549890583, 107194.966428958, 9.00500011444092
107194.966428958, 107196.533353958, 14.105001449585
107196.533353958, 107197.550020167, 14.2750015258789
107198.483169792, 107198.581836458, 0.0
word, 4, true
107199.865338875, 107201.800426625, 22.0949993133545
107201.800426625, 107203.300473042, 15.0400009155273
107203.300473042, 107204.783926792, 16.0599994659424
107204.783926792, 107205.733973375, 4.07499980926514
representing, 12, true
107206.9492275, 107209.800686083, 16.0599994659424
107209.800686083, 107210.800560625, 4.15999984741211
107210.800560625, 107212.3004535, 15.2950000762939
107212.3004535, 107214.801264667, 17.0799999237061
107214.801264667, 107215.551457292, 4.15999984741211
107215.551457292, 107218.168216083, 18.0999984741211
107218.168216083, 107219.051534792, 3.1399998664856
107219.051534792, 107221.351703, 15.0400009155273
107221.351703, 107223.984960167, 18.0999984741211
107223.984960167, 107225.101928708, 8.15499973297119
107225.101928708, 107227.052101042, 12.0650005340576
107227.052101042, 107228.268868667, 6.28499984741211
noted, 6, true
107229.734091292, 107231.352325583, 13.0849990844727
107231.352325583, 107232.469054792, 13.0
107232.469054792, 107233.852570917, 19.0349998474121
107233.852570917, 107234.602594958, 3.22500038146973
107234.602594958, 107235.152276417, 5.00999927520752
107236.085654667, 107236.184363417, 0.0
seventh, 7, true
107238.584441958, 107241.903094625, 18.1849994659424
107241.903094625, 107242.753096792, 4.07499980926514
107242.753096792, 107244.469905167, 20.394998550415
107244.469905167, 107245.553248042, 3.05499982833862
107245.553248042, 107247.186651208, 14.3600006103516
107247.186651208, 107249.553313375, 19.2049999237061
107249.553313375, 107250.503616333, 7.04999923706055
independent, 7, true
107251.902062708, 107253.070465083, 8.24000072479248
107253.070465083, 107254.487266833, 12.0650005340576
107254.487266833, 107255.970739, 3.30999994277954
107255.970739, 107256.903946542, 4.15999984741211
107256.903946542, 107258.98755425, 16.0599994659424
107258.98755425, 107260.87067375, 7.04999923706055
107261.006598417, 107261.070610333, 0.0
upper, 5, true
107261.10394825, 107265.221350667, 19.1200008392334
107265.221350667, 107266.971397542, 15.125
107266.971397542, 107268.238164708, 14.019998550415
107268.238164708, 107269.388175833, 3.05499982833862
107269.388175833, 107271.121380583, 16.0599994659424
surviving, 9, true
107272.82013675, 107275.305210417, 17.0799999237061
107275.305210417, 107277.488656708, 20.2249984741211
107277.488656708, 107279.355537792, 16.144998550415
107279.355537792, 107281.7389345, 21.2450008392334
107281.7389345, 107283.639057417, 11.2150001525879
107283.639057417, 107285.472594042, 20.1399993896484
107285.472594042, 107288.189335875, 7.22000026702881
107288.189335875, 107290.072835625, 13.0849990844727
107290.072835625, 107291.4895425, 5.00999927520752
tried, 5, true
107294.938163292, 107297.856690625, 18.0999984741211
107297.856690625, 107301.106938625, 18.1849994659424
107301.106938625, 107302.240297417, 8.24000072479248
107302.240297417, 107303.040065792, 3.05499982833862
107303.040065792, 107303.656923542, 4.07499980926514
african, 7, true
107304.955667708, 107305.5404665, 1.10000038146973
107305.5404665, 107306.857307167, 4.15999984741211
107306.857307167, 107308.807549167, 16.4850006103516
107308.807549167, 107310.474126958, 8.15499973297119
107310.474126958, 107311.624252208, 2.03499984741211
107311.624252208, 107312.540932833, 1.44000005722046
107312.540932833, 107314.007905625, 13.0849990844727
attempting, 10, false
107315.22423, 107315.540511875, 0.25
107315.540511875, 107317.357986208, 19.0349998474121
107317.357986208, 107318.857875125, 18.0149993896484
107318.857875125, 107320.241530792, 3.30999994277954
107320.241530792, 107321.60785675, 11.0450000762939
107321.60785675, 107323.424497167, 14.7000007629395
107323.627311333, 107325.958563458, 18.269998550415
107325.958563458, 107327.508668458, 8.06999969482422
107327.508668458, 107329.042076458, 12.0650005340576
107329.042076458, 107331.292247458, 13.0849990844727
attempting, 10, true
107332.690701875, 107333.142310625, 2.28999996185303
107333.142310625, 107335.542333, 19.2049999237061
107335.542333, 107336.7424965, 18.0149993896484
107336.7424965, 107337.842717125, 3.05499982833862
107337.842717125, 107339.409521833, 11.0450000762939
107339.409521833, 107341.626327417, 15.2099990844727
107341.626327417, 107343.509702375, 19.0349998474121
107343.509702375, 107344.876483375, 7.04999923706055
107344.876483375, 107346.443216583, 13.1700000762939
107346.443216583, 107347.392921042, 6.11500072479248
continues, 9, false
107348.858483375, 107349.360053792, 2.20499992370605
107349.360053792, 107351.460246167, 14.019998550415
107351.460246167, 107352.460312375, 13.0849990844727
107352.460312375, 107354.877123375, 18.0999984741211
107354.877123375, 107356.160412167, 8.06999969482422
107356.160412167, 107357.593712583, 14.2750015258789
107357.593712583, 107359.410371792, 19.2049999237061
107359.496203958, 107361.410906292, 18.0149993896484
107361.410906292, 107362.6105705, 17.0799999237061
continues, 9, true
107363.493975625, 107364.14426575, 3.1399998664856
107364.14426575, 107365.5778955, 13.1700000762939
107365.5778955, 107366.894464208, 12.0650005340576
107366.894464208, 107368.79456825, 19.1200008392334
107368.79456825, 107369.761424125, 8.15499973297119
107369.761424125, 107371.29484125, 14.019998550415
107371.29484125, 107373.777867667, 20.1399993896484
107373.777867667, 107374.894773125, 5.18000030517578
107374.894773125, 107376.745265917, 17.25
students, 9, false
107378.17706225, 107380.112146833, 18.0999984741211
107380.112146833, 107380.278657417, 1.10000038146973
107380.278657417, 107381.878773042, 33.8300018310547
107380.278657417, 107382.56203425, 34.0
107380.278657417, 107385.079098583, 19.0349998474121
107385.079098583, 107386.16253675, 21.4150009155273
107386.16253675, 107389.279371708, 23.0300006866455
107389.279371708, 107391.696059542, 8.06999969482422
107391.696059542, 107393.6130215, 10.1099996566772
students, 9, false
107395.396300958, 107397.863235958, 17.0799999237061
107397.863235958, 107399.013392208, 19.0349998474121
107399.013392208, 107400.246725, 20.2249984741211
107400.246725, 107401.163443875, 4.32999992370605
107401.163443875, 107402.063504417, 6.11500072479248
107402.063504417, 107404.963716792, 17.0799999237061
107404.963716792, 107408.247496208, 19.1200008392334
107408.247496208, 107410.830840125, 18.0999984741211
107410.949438, 107411.263596542, 3.22500038146973
students, 0, false
students, 8, true
107412.495847417, 107413.847750375, 18.1849994659424
107413.847750375, 107415.398062292, 18.1849994659424
107415.398062292, 107416.897921083, 19.1200008392334
107416.897921083, 107417.681272458, 3.05499982833862
107417.681272458, 107418.647519, 5.00999927520752
107418.647519, 107420.698111625, 13.2549991607666
107420.698111625, 107422.431244875, 19.1200008392334
107422.431244875, 107424.898511083, 18.0999984741211
mouth, 5, false
107426.413563542, 107427.648683042, 13.2549991607666
107427.648683042, 107428.798640125, 13.0849990844727
107428.798640125, 107430.048841417, 19.0349998474121
107430.048841417, 107431.732142667, 19.375
107431.732142667, 107432.965542875, 12.4049987792969
mouth, 6, true
107434.414022042, 107435.798966583, 11.2999992370605
107435.798966583, 107436.982481125, 15.0400009155273
107436.982481125, 107439.41604525, 20.0550003051758
107439.41604525, 107440.498915042, 19.1200008392334
107440.498915042, 107442.11554725, 6.02999973297119
107443.049278833, 107443.14808275, 0.0
duties, 3, false
107444.514631458, 107445.0162705, 1.10000038146973
107445.0162705, 107445.366354375, 5.18000030517578
107445.366354375, 107447.599536708, 29.4900016784668
duties, 6, false
107448.831677083, 107449.36657925, 2.03499984741211
107449.36657925, 107451.666778375, 21.5
107451.666778375, 107453.500257, 19.375
107453.500257, 107455.417045833, 13.2549991607666
107455.417045833, 107456.417059333, 6.20000076293945
107456.417059333, 107457.482110875, 6.20000076293945
duties, 8, true
107458.800378167, 107459.33397625, 3.1399998664856
107459.33397625, 107461.567592542, 20.1399993896484
107461.567592542, 107463.0505735, 19.1200008392334
107463.0505735, 107464.284437708, 9.00500011444092
107464.284437708, 107465.134342125, 4.07499980926514
107465.134342125, 107465.250818583, 0.164999961853027
107465.250818583, 107467.168024083, 34.0
107465.250818583, 107468.417979, 19.1200008392334
parliament, 4, false
107469.899777, 107473.051644333, 15.125
107473.051644333, 107474.401627625, 4.07499980926514
107474.401627625, 107475.618352708, 34.0
107474.401627625, 107477.118450375, 7.13499927520752
parliament, 10, false
107478.168310667, 107479.918662333, 15.125
107479.918662333, 107480.601813917, 2.03499984741211
107480.601813917, 107482.568824833, 17.0799999237061
107482.568824833, 107484.08558, 14.2750015258789
107484.08558, 107485.618816792, 8.15499973297119
107485.618816792, 107486.585398375, 3.22500038146973
107486.585398375, 107487.685887208, 11.2999992370605
107487.685887208, 107491.052715958, 9.00500011444092
107491.052715958, 107492.336087792, 14.019998550415
107492.336087792, 107492.986110125, 6.20000076293945
parliament, 10, true
107494.25260875, 107497.903856958, 15.3799991607666
107497.903856958, 107500.103312417, 33.7449989318848
107497.903856958, 107502.086451, 14.1900005340576
107502.086451, 107503.053527917, 2.12000036239624
107503.053527917, 107506.203417583, 16.0599994659424
107506.203417583, 107508.00378125, 10.1099996566772
107508.00378125, 107510.73695725, 9.09000015258789
107510.73695725, 107511.45387975, 1.0149998664856
107511.45387975, 107513.204029542, 11.2999992370605
107513.204029542, 107514.48758475, 4.15999984741211
heritage, 4, false
107516.636061708, 107517.68787375, 6.11500072479248
107517.68787375, 107519.12120025, 3.30999994277954
107519.12120025, 107521.82143625, 16.0599994659424
107521.82143625, 107522.738032875, 7.04999923706055
heritage, 3, false
107522.90704475, 107525.221677333, 13.2549991607666
107525.221677333, 107526.087900333, 33.6599998474121
107525.221677333, 107528.221848292, 9.00500011444092
heritage, 8, false
107530.771558417, 107532.722048667, 6.02999973297119
107532.722048667, 107533.772139583, 4.07499980926514
107533.772139583, 107535.888954833, 16.3150005340576
107535.888954833, 107537.455717083, 7.04999923706055
107537.455717083, 107540.039237833, 18.0149993896484
107540.039237833, 107540.772551083, 2.03499984741211
107540.772551083, 107543.089393792, 13.0849990844727
107543.089393792, 107544.322795958, 5.09500026702881
heritage, 9, false
107545.871445625, 107547.856505292, 7.22000026702881
107547.856505292, 107549.123244, 4.07499980926514
107549.123244, 107551.690107208, 16.230001449585
107551.690107208, 107553.506782542, 7.13499927520752
107553.506782542, 107555.440237333, 18.0149993896484
107555.440237333, 107556.040310125, 0.164999961853027
107556.040310125, 107557.957001292, 12.0650005340576
107557.957001292, 107558.390434625, 0.164999961853027
107558.390434625, 107559.007250625, 4.07499980926514
heritage, 9, true
107560.473549667, 107561.990777917, 8.32500076293945
107561.990777917, 107562.940807167, 3.05499982833862
107562.940807167, 107565.407781292, 16.0599994659424
107565.407781292, 107566.424116792, 7.04999923706055
107566.424116792, 107568.524513, 18.1849994659424
107568.524513, 107569.107744875, 1.0149998664856
107569.107744875, 107570.541216583, 5.00999927520752
107570.541216583, 107571.608091583, 3.1399998664856
107572.391013292, 107572.491147958, 0.0
more, 6, true
107573.808022292, 107575.041567458, 11.0450000762939
107575.041567458, 107576.341537083, 13.4249992370605
107576.341537083, 107577.824614833, 18.0999984741211
107577.824614833, 107578.658525875, 5.18000030517578
107579.49157775, 107579.606901042, 0.0
107579.724833458, 107579.823544, 0.0
operation, 9, true
107581.123657917, 107582.642103833, 13.0
107582.642103833, 107583.72543875, 15.0400009155273
107583.72543875, 107585.008874708, 5.00999927520752
107585.008874708, 107587.675764625, 17.4200000762939
107587.675764625, 107588.458903875, 0.0799999237060547
107588.458903875, 107590.392647625, 18.0149993896484
107590.392647625, 107591.342684083, 8.06999969482422
107591.342684083, 107592.559464667, 15.2099990844727
107592.559464667, 107593.709499625, 14.019998550415
occurred, 8, true
107595.341321583, 107596.80962225, 13.1700000762939
107596.80962225, 107597.79304575, 3.05499982833862
107597.79304575, 107598.676441, 3.22500038146973
107598.676441, 107601.976049583, 19.1200008392334
107601.976049583, 107605.126730792, 16.0599994659424
107605.126730792, 107606.394201583, 16.0599994659424
107606.394201583, 107607.460424792, 4.15999984741211
107607.460424792, 107608.127058917, 4.07499980926514
capacity, 7, false
107609.592123417, 107610.12723675, 2.12000036239624
107610.12723675, 107611.027123, 0.164999961853027
107611.027123, 107613.794068875, 14.019998550415
107613.794068875, 107614.810831417, 5.09500026702881
107614.810831417, 107615.860826167, 3.05499982833862
107615.860826167, 107617.8777965, 7.04999923706055
107617.8777965, 107619.226091583, 11.1300001144409
capacity, 8, true
107620.29289475, 107620.861311333, 2.03499984741211
107620.861311333, 107621.628111208, 1.0149998664856
107621.628111208, 107623.161447458, 14.1900005340576
107623.161447458, 107623.894799583, 1.10000038146973
107623.894799583, 107624.878209875, 3.05499982833862
107624.878209875, 107626.29470325, 7.13499927520752
107626.29470325, 107628.39505525, 18.0149993896484
107628.39505525, 107631.278634625, 24.0499992370605
machines, 2, false
107634.478358625, 107635.711714167, 11.2150001525879
107636.044945625, 107636.128379875, 0.0
machines, 0, false
machines, 9, true
107636.1783025, 107637.312456792, 12.1499996185303
107637.312456792, 107637.979024125, 2.20499992370605
107637.979024125, 107638.76259375, 5.18000030517578
107638.76259375, 107641.212715375, 9.09000015258789
107641.212715375, 107645.046148958, 8.24000072479248
107645.046148958, 107648.112520417, 13.0849990844727
107648.112520417, 107650.296458875, 5.00999927520752
107650.296458875, 107653.478431333, 19.1200008392334
107654.695074542, 107654.779751333, 0.0
edited, 7, true
107657.111984458, 107658.34701325, 4.15999984741211
107658.34701325, 107659.213759958, 2.03499984741211
107659.213759958, 107660.63044325, 7.04999923706055
107660.63044325, 107662.813981375, 19.1200008392334
107662.813981375, 107663.730905, 3.05499982833862
107663.730905, 107664.897561792, 3.22500038146973
107665.747144625, 107665.862504333, 0.0
arrival, 7, true
107667.095936167, 107667.864270083, 1.0149998664856
107667.864270083, 107669.931148417, 18.269998550415
107669.931148417, 107671.414418625, 16.144998550415
107671.414418625, 107672.748113833, 7.13499927520752
107672.748113833, 107674.831170833, 20.1399993896484
107674.831170833, 107675.58147025, 0.0799999237060547
107675.58147025, 107677.148260042, 12.0650005340576
union, 5, true
107678.446717667, 107679.965112125, 20.2249984741211
107679.965112125, 107682.148573458, 13.0
107682.148573458, 107683.665449125, 7.22000026702881
107683.665449125, 107685.18219325, 15.0400009155273
107685.18219325, 107686.899068458, 12.6599998474121
branch, 8, true
107688.380817458, 107689.115704042, 3.1399998664856
107689.115704042, 107693.165979375, 16.0599994659424
107693.165979375, 107693.916045208, 3.05499982833862
107693.916045208, 107695.15056025, 11.0450000762939
107695.15056025, 107695.866337667, 3.1399998664856
107695.866337667, 107697.466215917, 7.04999923706055
107698.614706208, 107698.731132333, 0.0
107698.815883458, 107698.93144, 0.0
save, 3, false
107700.264788, 107701.716518917, 15.0400009155273
107701.716518917, 107703.682974125, 34.0
107701.716518917, 107704.999711458, 20.1399993896484
save, 6, true
107706.29872725, 107707.716619292, 17.25
107707.716619292, 107708.400327542, 1.0149998664856
107708.400327542, 107710.267079917, 20.0550003051758
107710.267079917, 107711.083825667, 6.02999973297119
107712.148932292, 107712.248993542, 0.0
107712.31678925, 107712.415563417, 0.0
hockey, 6, true
107713.868215875, 107715.667549333, 7.04999923706055
107715.667549333, 107717.684347, 14.105001449585
107717.684347, 107718.450950625, 3.1399998664856
107718.450950625, 107719.817800708, 8.06999969482422
107719.817800708, 107720.617816625, 4.24499988555908
107720.617816625, 107722.2679885, 24.3050003051758
notes, 5, false
107724.716411958, 107726.334622708, 11.1300001144409
107726.334622708, 107727.284958208, 13.1700000762939
107727.284958208, 107728.635126917, 19.2900009155273
107728.635126917, 107729.685080792, 16.0599994659424
107729.685080792, 107731.335151208, 16.230001449585
notes, 15, true
107732.818149292, 107734.218772917, 13.0
107734.218772917, 107735.152015917, 13.0849990844727
107735.152015917, 107736.252095583, 19.1200008392334
107736.252095583, 107736.91877725, 5.18000030517578
107736.91877725, 107737.818561292, 17.3349990844727
107738.917461542, 107739.017369417, 0.0
107739.718766417, 107739.835088958, 0.0
107739.918762625, 107740.017535833, 0.0
107740.102004167, 107740.200651458, 0.0
107740.285331542, 107740.383939917, 0.0
107740.468617583, 107740.550761458, 0.0
107740.652017417, 107740.750552167, 0.0
107740.851970208, 107740.952033542, 0.0
107741.368755208, 107741.48422225, 0.0
107741.668848042, 107741.702004458, 0.0
activities, 7, true
107743.001007875, 107743.319012833, 0.164999961853027
107743.319012833, 107743.852584375, 0.25
107743.852584375, 107746.119635333, 17.0799999237061
107746.119635333, 107747.602890458, 8.06999969482422
107747.602890458, 107749.752682667, 19.0349998474121
107749.752682667, 107750.886441125, 7.04999923706055
107750.886441125, 107752.769907542, 17.1650009155273
build, 5, true
107754.2850825, 107755.553312333, 3.05499982833862
107755.553312333, 107757.75343025, 20.0550003051758
107757.75343025, 107758.653488625, 6.02999973297119
107758.653488625, 107759.870421458, 9.00500011444092
107759.870421458, 107760.836992625, 4.24499988555908
saw, 4, true
107762.41885625, 107763.803975292, 17.0799999237061
107763.803975292, 107764.78729475, 3.22500038146973
107764.78729475, 107766.368965417, 21.1599998474121
107767.187092167, 107767.285832625, 0.0
describes, 9, true
107768.685906, 107769.187681542, 2.12000036239624
107769.187681542, 107770.35439625, 2.46000003814697
107770.35439625, 107772.021164875, 17.3349990844727
107772.021164875, 107773.271255292, 1.0149998664856
107773.271255292, 107775.454373625, 16.230001449585
107775.454373625, 107776.838240083, 6.11500072479248
107776.838240083, 107777.57150675, 2.12000036239624
107777.57150675, 107779.054986667, 4.07499980926514
107779.054986667, 107780.988086583, 16.0599994659424
major, 5, true
107782.536937167, 107783.755244667, 10.0249996185303
107783.755244667, 107784.438648917, 0.25
107784.438648917, 107786.288930167, 7.04999923706055
107786.288930167, 107787.805508792, 12.0650005340576
107787.805508792, 107789.8723035, 16.144998550415
plan, 4, true
107791.220881167, 107793.10595525, 13.0
107793.10595525, 107794.2890475, 10.3650007247925
107794.2890475, 107795.056011125, 1.10000038146973
107795.056011125, 107796.156090083, 11.0450000762939
evening, 7, true
107797.6557305, 107798.423155583, 3.05499982833862
107798.423155583, 107800.089691625, 21.0750007629395
107800.089691625, 107800.706143125, 4.07499980926514
107800.706143125, 107801.922742458, 13.0
107801.922742458, 107803.039846208, 8.06999969482422
107803.039846208, 107804.0399885, 12.0650005340576
107804.0399885, 107805.040021333, 5.4350004196167
broadcasts, 10, true
107806.489894333, 107806.990045, 2.375
107806.990045, 107809.67362575, 17.0799999237061
107809.67362575, 107812.090401833, 13.0849990844727
107812.090401833, 107812.873845542, 2.20499992370605
107812.873845542, 107813.890517417, 4.07499980926514
107813.890517417, 107815.106852833, 2.20499992370605
107815.106852833, 107815.840628125, 2.375
107815.840628125, 107817.957570167, 16.0599994659424
107817.957570167, 107819.257845, 18.269998550415
107819.257845, 107820.690961792, 18.0999984741211
circumstances, 9, true
107822.139566, 107822.741134292, 1.0149998664856
107822.741134292, 107824.024584625, 8.06999969482422
107824.024584625, 107826.224715875, 15.125
107826.224715875, 107827.658139958, 3.1399998664856
107827.658139958, 107830.475083542, 20.3099994659424
107830.475083542, 107831.458334208, 11.2999992370605
107831.458334208, 107833.825145042, 17.0799999237061
107833.825145042, 107834.858687083, 18.0149993896484
107834.858687083, 107835.89208325, 3.1399998664856
continue, 7, false
107837.808447292, 107838.325610042, 3.05499982833862
107838.325610042, 107840.175666917, 14.105001449585
107840.175666917, 107842.109021625, 20.0550003051758
107842.109021625, 107843.725693167, 13.0
107843.725693167, 107845.926014917, 17.25
107845.926014917, 107848.559434125, 7.04999923706055
107848.559434125, 107850.393022167, 13.1700000762939
continue, 1, false
107850.528553083, 107851.709674375, 11.2150001525879
continue, 8, true
107853.141567458, 107853.626571542, 3.1399998664856
107853.626571542, 107856.126338917, 13.0
107856.126338917, 107857.693445458, 12.1499996185303
107857.693445458, 107860.476480167, 19.0349998474121
107860.476480167, 107861.660305917, 8.24000072479248
107861.660305917, 107863.777091792, 12.0650005340576
107863.777091792, 107866.093998583, 20.3099994659424
107866.093998583, 107866.777162542, 4.07499980926514
mill, 6, true
107868.142436333, 107868.844162292, 11.1300001144409
107868.844162292, 107869.810961583, 7.04999923706055
107869.810961583, 107870.677645458, 10.0249996185303
107870.677645458, 107871.32773775, 13.0
107872.444094833, 107872.5261135, 0.0
107872.64408725, 107872.709489208, 0.0
highest, 5, false
107874.276124208, 107875.261258292, 6.02999973297119
107875.261258292, 107875.99460325, 6.02999973297119
107875.99460325, 107879.478148708, 33.8300018310547
107875.99460325, 107882.128501583, 29.4900016784668
107882.128501583, 107883.659859833, 25.5799999237061
highest, 8, false
107884.743657292, 107885.645153167, 6.02999973297119
107885.645153167, 107886.562045833, 7.04999923706055
107886.562045833, 107888.178863833, 7.04999923706055
107888.178863833, 107889.095504083, 6.28499984741211
107889.095504083, 107889.911923958, 4.24499988555908
107889.911923958, 107891.112284, 19.0349998474121
107891.112284, 107892.0957365, 17.3349990844727
107892.0957365, 107892.24550525, 0.25
highest, 12, true
107893.794182167, 107894.629271542, 5.35000038146973
107894.629271542, 107895.362644375, 6.02999973297119
107895.362644375, 107896.029332708, 7.04999923706055
107896.029332708, 107896.612481667, 7.13499927520752
107896.612481667, 107898.829579917, 3.05499982833862
107898.829579917, 107900.562952042, 17.0799999237061
107900.562952042, 107902.394639042, 17.0799999237061
107904.144770083, 107904.244786958, 0.0
107904.662761458, 107904.761505125, 0.0
107904.846141042, 107904.9295995, 0.0
107905.029571875, 107905.128321167, 0.0
107905.712970292, 107905.796148417, 0.0
weeks, 7, false
107907.461800292, 107909.71335825, 22.0949993133545
107909.71335825, 107910.613616542, 4.07499980926514
107910.613616542, 107912.447137417, 34.0
107910.613616542, 107914.297071667, 8.06999969482422
107914.297071667, 107914.980410792, 4.07499980926514
107914.980410792, 107916.430002833, 13.0
107916.430002833, 107918.062404708, 18.0149993896484
weeks, 6, true
107919.162552333, 107920.780964625, 20.480001449585
107920.780964625, 107921.530991292, 2.12000036239624
107921.530991292, 107922.097660417, 4.24499988555908
107922.097660417, 107923.83102375, 8.15499973297119
107923.83102375, 107925.148021292, 17.0799999237061
107925.997783375, 107926.079578333, 0.0
served, 6, true
107927.813197042, 107930.098060292, 17.0799999237061
107930.098060292, 107931.13139075, 3.05499982833862
107931.13139075, 107933.165055083, 15.0400009155273
107933.165055083, 107935.198534292, 20.0550003051758
107935.198534292, 107936.081704833, 2.20499992370605
107936.081704833, 107936.648623458, 3.30999994277954
refers, 8, true
107937.981698458, 107940.015334083, 16.230001449585
107940.015334083, 107940.765575667, 3.05499982833862
107940.765575667, 107941.932318625, 3.22500038146973
107941.932318625, 107942.682314667, 2.20499992370605
107942.682314667, 107944.248521667, 15.0400009155273
107944.248521667, 107946.399247833, 17.4200000762939
107947.382283958, 107947.464317458, 0.0
107947.5821865, 107947.680926583, 0.0
question, 8, true
107949.081075708, 107950.316109583, 14.019998550415
107950.316109583, 107951.966191042, 18.1849994659424
107951.966191042, 107952.7662315, 2.03499984741211
107952.7662315, 107954.799809208, 16.0599994659424
107954.799809208, 107956.033132958, 18.0149993896484
107956.033132958, 107957.550007375, 6.11500072479248
107957.550007375, 107959.033309417, 13.1700000762939
107959.033309417, 107960.232844583, 12.2350006103516
basic, 6, true
107961.481938125, 107961.966867208, 0.0799999237060547
107961.966867208, 107962.883685167, 0.164999961853027
107962.883685167, 107964.716824125, 17.25
107964.716824125, 107966.450627458, 6.02999973297119
107966.450627458, 107967.400622625, 2.12000036239624
107968.216929458, 107968.315733417, 0.0
despite, 7, true
107969.599269583, 107970.400939208, 2.03499984741211
107970.400939208, 107971.317590625, 3.05499982833862
107971.317590625, 107973.167804333, 16.230001449585
107973.167804333, 107974.817818958, 16.144998550415
107974.817818958, 107976.017851333, 7.22000026702881
107976.017851333, 107978.251187917, 18.269998550415
107978.251187917, 107979.418053667, 2.12000036239624
begins, 6, true
107980.717935458, 107981.2348635, 1.10000038146973
107981.2348635, 107982.451658, 3.05499982833862
107982.451658, 107983.701820042, 4.07499980926514
107983.701820042, 107984.851800375, 8.24000072479248
107984.851800375, 107986.385192, 12.1499996185303
107986.385192, 107988.518375542, 18.1849994659424
greatest, 8, true
107990.067199792, 107990.968795958, 6.02999973297119
107990.968795958, 107992.268747, 18.0149993896484
107992.268747, 107993.219083125, 2.03499984741211
107993.219083125, 107993.802333208, 1.10000038146973
107993.802333208, 107995.8689785, 18.1849994659424
107995.8689785, 107996.935837667, 2.03499984741211
107996.935837667, 107998.369323167, 16.0599994659424
107998.369323167, 107999.385787542, 20.1399993896484
measure, 7, true
108000.617917958, 108002.236251833, 10.0249996185303
108002.236251833, 108002.969366708, 2.03499984741211
108002.969366708, 108003.5362955, 2.20499992370605
108003.5362955, 108005.38663025, 17.1650009155273
108005.38663025, 108007.303198292, 18.0999984741211
108007.303198292, 108009.303199667, 16.0599994659424
108009.303199667, 108010.320057542, 2.12000036239624
period, 6, true
108011.703186083, 108013.303288625, 13.0849990844727
108013.303288625, 108014.170275625, 3.22500038146973
108014.170275625, 108016.220421958, 16.3150005340576
108016.220421958, 108017.670533958, 8.06999969482422
108017.670533958, 108019.003964833, 12.0650005340576
108019.003964833, 108019.937102958, 2.12000036239624
west, 6, true
108021.135848167, 108022.870894083, 21.2450008392334
108022.870894083, 108024.220629042, 4.07499980926514
108024.220629042, 108025.654386792, 16.0599994659424
108025.654386792, 108026.871198125, 19.2049999237061
108027.804222458, 108027.9196205, 0.0
108027.987576333, 108028.086207, 0.0
climate, 7, true
108029.569797042, 108030.33810375, 2.20499992370605
108030.33810375, 108031.588146, 11.1300001144409
108031.588146, 108033.171447625, 7.04999923706055
108033.171447625, 108034.6217205, 11.0450000762939
108034.6217205, 108035.454728792, 0.164999961853027
108035.454728792, 108037.621819958, 18.0149993896484
108037.621819958, 108038.372046458, 5.00999927520752
unit, 4, true
108039.771657042, 108041.805821083, 20.1399993896484
108041.805821083, 108043.872010542, 13.2549991607666
108043.872010542, 108044.755461458, 7.04999923706055
108044.755461458, 108046.072477875, 18.355001449585
why, 8, true
108047.488940375, 108049.072713833, 21.2450008392334
108049.072713833, 108050.156018292, 5.00999927520752
108050.156018292, 108051.3877695, 26.0049991607666
108052.604605875, 108052.721264542, 0.0
108053.122566083, 108053.239622042, 0.0
108053.305907083, 108053.405798583, 0.0
108053.489331958, 108053.58802325, 0.0
108053.8892795, 108054.004510208, 4.59000015258789
touring, 8, true
108055.389425125, 108057.139880167, 19.0349998474121
108057.139880167, 108058.656332792, 13.0849990844727
108058.656332792, 108060.273435792, 18.1849994659424
108060.273435792, 108062.390093625, 17.0799999237061
108062.390093625, 108063.756952208, 9.17499923706055
108063.756952208, 108065.523581083, 11.1300001144409
108065.523581083, 108067.240205208, 9.00500011444092
108067.35937375, 108067.388836042, 0.0
insurance, 1, false
108068.090611667, 108068.122284792, 0.0
insurance, 7, true
108069.65572025, 108070.64046425, 8.15499973297119
108070.64046425, 108072.1742135, 12.1499996185303
108072.1742135, 108074.224349833, 17.0799999237061
108074.224349833, 108075.490562958, 18.0999984741211
108075.490562958, 108077.307950333, 16.0599994659424
108077.307950333, 108078.024327583, 1.18499994277954
108078.024327583, 108080.0580665, 14.019998550415
land, 8, true
108082.489935375, 108083.541459917, 9.00500011444092
108083.541459917, 108084.374779292, 0.0799999237060547
108084.374779292, 108085.741561917, 10.1949996948242
108085.741561917, 108086.425085958, 2.03499984741211
108087.308185792, 108087.408059667, 0.0
108087.591517167, 108087.690211042, 0.0
108087.941471, 108088.056882583, 0.0
108088.291585292, 108088.40689825, 0.0
representation, 14, false
108089.890339708, 108092.442191542, 15.125
108092.442191542, 108093.425368083, 2.20499992370605
108093.425368083, 108095.409223583, 13.1700000762939
108095.409223583, 108099.042608167, 16.0599994659424
108099.042608167, 108099.94232475, 3.05499982833862
108099.94232475, 108102.309435042, 15.0400009155273
108102.309435042, 108103.309498833, 2.03499984741211
108103.309498833, 108104.959787708, 12.2350006103516
108104.959787708, 108106.95963025, 17.25
108106.95963025, 108107.59290825, 0.25
108107.59290825, 108109.809943375, 16.0599994659424
108109.809943375, 108110.660035125, 5.00999927520752
108110.660035125, 108111.776628042, 12.3199996948242
108111.776628042, 108113.276872458, 10.0249996185303
representation, 8, false
108115.025344875, 108117.410460667, 16.0599994659424
108117.410460667, 108118.193736917, 2.12000036239624
108118.193736917, 108120.027301333, 13.0849990844727
108120.027301333, 108122.544090792, 14.105001449585
108122.544090792, 108124.127700833, 2.12000036239624
108124.127700833, 108126.5776635, 15.0400009155273
108126.5776635, 108127.827853875, 1.10000038146973
108127.827853875, 108130.161262792, 10.1949996948242
representation, 14, false
108132.643196583, 108134.361117833, 15.125
108134.361117833, 108135.311677125, 3.05499982833862
108135.311677125, 108137.961833125, 13.0
108137.961833125, 108140.295270083, 14.019998550415
108140.295270083, 108141.312070292, 2.12000036239624
108141.312070292, 108144.112208458, 17.0799999237061
108144.112208458, 108145.462068042, 4.07499980926514
108145.462068042, 108149.762615167, 14.019998550415
108149.762615167, 108152.0128015, 18.1849994659424
108152.0128015, 108152.829448667, 1.18499994277954
108152.829448667, 108154.112952417, 17.1650009155273
108154.112952417, 108155.446010542, 5.00999927520752
108155.446010542, 108156.396346875, 12.0650005340576
108156.396346875, 108157.14635375, 10.0249996185303
representation, 10, false
108158.978270125, 108160.996528542, 16.3150005340576
108160.996528542, 108162.0967075, 2.12000036239624
108162.0967075, 108164.646885375, 13.1700000762939
108164.646885375, 108167.547638958, 14.1900005340576
108167.547638958, 108170.94734375, 15.0400009155273
108170.94734375, 108173.78092775, 3.05499982833862
108173.78092775, 108177.864515917, 11.0450000762939
108177.864515917, 108179.664483333, 18.0999984741211
108179.664483333, 108180.631303458, 3.05499982833862
108180.631303458, 108181.998069667, 11.3849992752075
representation, 12, true
108183.446434792, 108187.714454583, 15.125
108187.714454583, 108189.365097083, 4.07499980926514
108189.365097083, 108191.648222417, 13.0849990844727
108191.648222417, 108194.848599667, 14.2750015258789
108194.848599667, 108196.182231167, 2.03499984741211
108196.182231167, 108201.065927667, 16.0599994659424
108201.065927667, 108203.482832125, 4.07499980926514
108203.482832125, 108208.499780458, 10.1949996948242
108209.999467625, 108210.114895792, 0.0
108210.232947125, 108210.331623792, 0.0
108210.432985708, 108210.499471625, 0.0
108210.682913875, 108210.765929792, 0.0
sell, 4, false
108212.3510045, 108215.767061708, 17.1650009155273
108215.767061708, 108216.766986667, 2.12000036239624
108216.766986667, 108218.183697292, 8.06999969482422
108218.183697292, 108220.100468958, 10.0249996185303
sell, 4, false
108221.54905, 108223.900729375, 15.0400009155273
108223.900729375, 108224.767621542, 2.03499984741211
108224.767621542, 108226.084242792, 8.49499988555908
108226.084242792, 108227.350994542, 8.06999969482422
sell, 4, false
108229.016180375, 108230.684566458, 15.125
108230.684566458, 108231.551271625, 2.12000036239624
108231.551271625, 108233.018069208, 8.06999969482422
108233.018069208, 108234.101416, 9.00500011444092
sell, 4, false
108235.4334005, 108238.951487, 15.0400009155273
108238.951487, 108239.784891292, 2.12000036239624
108239.784891292, 108241.351633083, 8.15499973297119
108241.351633083, 108242.401959083, 8.06999969482422
sell, 4, false
108244.250826083, 108247.119019, 16.0599994659424
108247.119019, 108248.352443458, 2.03499984741211
108248.352443458, 108249.602261875, 8.06999969482422
108249.602261875, 108250.569308583, 9.00500011444092
sell, 5, true
108252.65102875, 108254.21952025, 19.1200008392334
108254.21952025, 108255.469466708, 3.22500038146973
108255.469466708, 108256.702601458, 9.00500011444092
108256.702601458, 108257.569172583, 10.0249996185303
108258.40264675, 108258.518127583, 0.0
reference, 1, false
108261.985021125, 108263.470030167, 17.0799999237061
reference, 2, false
108263.553052125, 108264.603590458, 4.07499980926514
108264.603590458, 108265.786560708, 7.22000026702881
reference, 7, true
108267.001903292, 108268.253744875, 16.230001449585
108268.253744875, 108269.270660917, 5.00999927520752
108269.270660917, 108270.18705575, 5.00999927520752
108270.18705575, 108271.55391925, 5.00999927520752
108271.55391925, 108273.670705333, 19.375
108273.670705333, 108275.220558792, 3.05499982833862
108275.220558792, 108276.937782625, 13.0
copies, 6, true
108279.537611542, 108280.104443042, 3.05499982833862
108280.104443042, 108281.654550917, 13.0
108281.654550917, 108283.288138167, 15.0400009155273
108283.288138167, 108284.371379292, 8.49499988555908
108284.371379292, 108285.3384745, 3.1399998664856
108285.3384745, 108286.971769833, 18.0149993896484
modified, 7, true
108288.1046685, 108289.055058875, 13.0
108289.055058875, 108290.271918375, 13.2549991607666
108290.271918375, 108291.205080333, 3.1399998664856
108291.205080333, 108292.638637292, 7.13499927520752
108292.638637292, 108293.90539025, 4.32999992370605
108293.90539025, 108295.371953375, 7.04999923706055
108295.371953375, 108296.488875167, 2.03499984741211
description, 9, true
108297.88732375, 108298.505672083, 3.05499982833862
108298.505672083, 108299.37240175, 2.12000036239624
108299.37240175, 108301.339191583, 17.0799999237061
108301.339191583, 108303.439349583, 2.03499984741211
108303.439349583, 108305.889471208, 15.0400009155273
108305.889471208, 108307.9396105, 7.04999923706055
108307.9396105, 108309.539787958, 14.019998550415
108309.539787958, 108311.806431167, 18.269998550415
108311.806431167, 108313.539991, 8.06999969482422
earliest, 8, true
108316.021846833, 108316.573614833, 2.12000036239624
108316.573614833, 108317.606869333, 2.03499984741211
108317.606869333, 108320.373861792, 17.1650009155273
108320.373861792, 108321.390500417, 10.1099996566772
108321.390500417, 108322.84066125, 7.13499927520752
108322.84066125, 108323.757536292, 5.00999927520752
108323.757536292, 108325.390476667, 17.0799999237061
108325.390476667, 108326.507655333, 19.0349998474121
constituency, 12, true
108327.790594292, 108328.340955833, 3.22500038146973
108328.340955833, 108330.441173042, 13.0
108330.441173042, 108331.457845875, 12.3199996948242
108331.457845875, 108333.791392417, 18.0149993896484
108333.791392417, 108336.558324458, 18.1849994659424
108336.558324458, 108338.058279, 8.24000072479248
108338.058279, 108339.941669958, 17.0799999237061
108339.941669958, 108342.475215292, 20.0550003051758
108342.475215292, 108343.842039125, 4.32999992370605
108343.842039125, 108345.7921665, 13.0
108345.7921665, 108347.125499917, 2.03499984741211
108347.125499917, 108348.608578417, 27.0250015258789
losses, 6, true
108350.708932292, 108352.592613917, 10.1099996566772
108352.592613917, 108354.142661667, 15.125
108354.142661667, 108356.0595305, 17.0799999237061
108356.0595305, 108357.193524333, 17.25
108357.193524333, 108357.976236333, 3.05499982833862
108357.976236333, 108359.32642025, 17.0799999237061
liberal, 7, false
108360.609448458, 108362.043270333, 11.0450000762939
108362.043270333, 108363.193075458, 8.32500076293945
108363.193075458, 108364.20991275, 5.00999927520752
108364.20991275, 108364.976754875, 5.09500026702881
108364.976754875, 108368.993652458, 18.1849994659424
108368.993652458, 108369.877087042, 1.10000038146973
108369.877087042, 108371.060450583, 11.2999992370605
liberal, 6, false
108372.458863375, 108373.860553667, 10.0249996185303
108373.860553667, 108375.310720583, 8.06999969482422
108375.310720583, 108376.32719125, 3.05499982833862
108376.32719125, 108379.177739375, 16.0599994659424
108379.177739375, 108380.011097542, 3.05499982833862
108380.011097542, 108381.894550792, 11.0450000762939
liberal, 7, true
108383.676295875, 108384.694696792, 10.1099996566772
108384.694696792, 108386.01152975, 8.32500076293945
108386.01152975, 108387.078359375, 3.05499982833862
108387.078359375, 108388.82824325, 6.02999973297119
108388.82824325, 108391.57822325, 16.0599994659424
108391.57822325, 108392.495183125, 0.0799999237060547
108392.495183125, 108394.262014917, 10.1099996566772
sixth, 5, false
108395.660334042, 108397.462168208, 18.1849994659424
108397.462168208, 108398.629054583, 8.24000072479248
108398.629054583, 108400.679027333, 23.0300006866455
108400.679027333, 108402.92921575, 19.0349998474121
108402.92921575, 108405.479277167, 11.1300001144409
sixth, 5, true
108406.744472125, 108408.412871542, 17.1650009155273
108408.412871542, 108409.429701333, 6.02999973297119
108409.429701333, 108411.329757042, 22.0100002288818
108411.329757042, 108413.529739167, 17.3349990844727
108413.529739167, 108414.463450042, 7.04999923706055
concern, 11, true
108415.845037042, 108416.430218458, 3.05499982833862
108416.430218458, 108417.880180208, 15.0400009155273
108417.880180208, 108418.896890583, 14.1900005340576
108418.896890583, 108419.747191833, 4.41499996185303
108419.747191833, 108421.030383, 4.07499980926514
108421.030383, 108423.163911458, 17.3349990844727
108423.163911458, 108424.845563958, 13.0
108426.27916875, 108426.39577375, 0.0
108426.663635833, 108426.779154375, 0.0
108426.847007583, 108426.945687167, 0.0
108427.313660667, 108427.412383083, 0.0
five, 3, false
108429.112654083, 108430.230984583, 4.07499980926514
108430.230984583, 108431.347635833, 7.04999923706055
108431.347635833, 108433.281238958, 20.0550003051758
five, 5, false
108433.564252125, 108434.597682625, 9.00500011444092
108434.597682625, 108435.931315417, 9.00500011444092
108435.931315417, 108437.281408792, 19.1200008392334
108437.281408792, 108438.064712792, 4.07499980926514
108438.681286125, 108438.7799705, 0.0
five, 1, false
108439.231302792, 108439.363293208, 0.0
five, 0, false
five, 4, true
108440.430068958, 108441.298182042, 4.07499980926514
108441.298182042, 108442.481776542, 8.24000072479248
108442.481776542, 108444.531631917, 21.1599998474121
108444.531631917, 108445.298701542, 3.1399998664856
anniversary, 7, true
108446.598447958, 108446.998431667, 1.10000038146973
108446.998431667, 108448.332218917, 11.2150001525879
108448.332218917, 108449.43230675, 15.0400009155273
108449.43230675, 108451.449158875, 9.17499923706055
108451.449158875, 108453.74914, 21.1599998474121
108453.74914, 108455.082663083, 5.26500034332275
108455.082663083, 108457.6493855, 18.0149993896484
championship, 9, false
108459.115799667, 108459.666318167, 3.30999994277954
108459.666318167, 108460.449595125, 5.00999927520752
108460.449595125, 108461.016297708, 2.03499984741211
108461.016297708, 108462.0830485, 11.2150001525879
108462.0830485, 108463.483149375, 13.0
108463.483149375, 108465.4667095, 10.1099996566772
108465.4667095, 108467.116272875, 12.0650005340576
108467.116272875, 108468.633571542, 12.2350006103516
108468.633571542, 108470.66692625, 15.0400009155273
championship, 1, false
108472.46544625, 108474.133888125, 6.02999973297119
championship, 7, false
108476.248955042, 108477.017312417, 2.03499984741211
108477.017312417, 108478.084105375, 4.07499980926514
108478.084105375, 108478.7173705, 0.335000038146973
108478.7173705, 108481.467835292, 12.0650005340576
108481.467835292, 108482.617939, 14.019998550415
108482.617939, 108484.017913, 9.00500011444092
108484.017913, 108485.366193333, 11.2150001525879
championship, 9, true
108486.417692792, 108487.018095583, 1.0149998664856
108487.018095583, 108488.401293125, 5.00999927520752
108488.401293125, 108489.051362708, 1.0149998664856
108489.051362708, 108490.301613167, 11.2999992370605
108490.301613167, 108491.568365083, 15.125
108491.568365083, 108493.168528083, 8.06999969482422
108493.168528083, 108494.78517325, 13.0
108494.78517325, 108496.502039083, 12.0650005340576
108497.101639125, 108497.200153167, 0.0
ncaa, 9, true
108498.651773542, 108500.085626167, 11.1300001144409
108500.085626167, 108500.752301083, 4.24499988555908
108500.752301083, 108501.302162375, 3.05499982833862
108501.302162375, 108501.751924208, 3.64999961853027
108502.668653208, 108502.7840935, 0.0
108502.868624708, 108502.967356667, 0.0
108503.0353225, 108503.117516708, 0.0
108503.202077042, 108503.28535925, 0.0
108503.468824917, 108503.518700667, 0.0
started, 1, false
108503.852124, 108503.950854458, 0.0
started, 7, true
108505.234364083, 108507.9527785, 19.0349998474121
108507.9527785, 108510.119374083, 21.2450008392334
108510.119374083, 108510.869611208, 2.12000036239624
108510.869611208, 108512.203012042, 17.25
108512.203012042, 108513.853197958, 17.3349990844727
108513.853197958, 108514.853173, 3.30999994277954
108514.853173, 108515.403191375, 3.05499982833862
add, 5, true
108516.668433417, 108517.336696125, 2.12000036239624
108517.336696125, 108518.13673275, 3.05499982833862
108518.13673275, 108518.770138375, 3.05499982833862
108519.469859833, 108519.569739875, 0.0
108519.686362125, 108519.801888958, 0.0
script, 6, true
108521.085306125, 108522.187019958, 19.2049999237061
108522.187019958, 108523.037300708, 2.12000036239624
108523.037300708, 108524.920245458, 16.0599994659424
108524.920245458, 108526.637304333, 7.04999923706055
108526.637304333, 108527.820783, 14.019998550415
108527.820783, 108529.570829208, 19.0349998474121
paris, 6, true
108531.036009917, 108532.054011125, 14.019998550415
108532.054011125, 108532.821110625, 1.10000038146973
108532.821110625, 108534.82113425, 19.1200008392334
108534.82113425, 108535.92143125, 7.04999923706055
108535.92143125, 108537.0543175, 17.1650009155273
108537.571072917, 108537.686403292, 0.0
spiritual, 9, true
108538.937867, 108540.554947875, 17.1650009155273
108540.554947875, 108541.988435333, 14.019998550415
108541.988435333, 108542.805117458, 7.13499927520752
108542.805117458, 108544.005117333, 15.2099990844727
108544.005117333, 108545.705267875, 8.06999969482422
108545.705267875, 108547.522104542, 17.25
108547.522104542, 108548.522135958, 19.0349998474121
108548.522135958, 108549.25521725, 3.1399998664856
108549.25521725, 108550.787166958, 10.1949996948242
application, 8, false
108552.087523042, 108552.488813542, 1.10000038146973
108552.488813542, 108553.90580475, 12.1499996185303
108553.90580475, 108554.95573525, 14.019998550415
108554.95573525, 108556.022650292, 9.09000015258789
108556.022650292, 108556.989304083, 8.15499973297119
108556.989304083, 108557.689426917, 2.28999996185303
108557.689426917, 108558.172749333, 1.10000038146973
108558.172749333, 108558.922635708, 3.05499982833862
application, 10, false
108560.05586375, 108560.922999542, 1.10000038146973
108560.922999542, 108562.189638875, 14.019998550415
108562.189638875, 108563.156209125, 14.1900005340576
108563.156209125, 108564.273217208, 11.1300001144409
108564.273217208, 108565.3232935, 8.15499973297119
108565.3232935, 108566.573339792, 2.03499984741211
108566.573339792, 108567.57343475, 3.05499982833862
108567.57343475, 108569.289979708, 19.0349998474121
108569.289979708, 108570.906908167, 8.15499973297119
108570.906908167, 108571.573518833, 0.164999961853027
application, 8, true
108573.0554125, 108573.507021125, 1.0149998664856
108573.507021125, 108574.823845625, 13.0
108574.823845625, 108576.040552667, 15.0400009155273
108576.040552667, 108576.957353458, 10.0249996185303
108576.957353458, 108578.407321333, 6.28499984741211
108578.407321333, 108579.190866833, 2.03499984741211
108579.190866833, 108579.990577292, 1.18499994277954
108579.990577292, 108582.807784667, 18.0149993896484
understand, 10, true
108585.30631725, 108587.191428125, 18.0999984741211
108587.191428125, 108588.424699833, 14.019998550415
108588.424699833, 108589.274801458, 4.07499980926514
108589.274801458, 108589.841534458, 4.15999984741211
108589.841534458, 108592.224875333, 15.0400009155273
108592.224875333, 108594.591895458, 18.269998550415
108594.591895458, 108597.025176583, 18.0149993896484
108597.025176583, 108597.675102375, 2.12000036239624
108597.675102375, 108598.925383042, 13.0
108598.925383042, 108600.675486, 3.05499982833862
gets, 6, true
108601.990690375, 108602.858964792, 6.02999973297119
108602.858964792, 108603.825734042, 3.22500038146973
108603.825734042, 108605.992724542, 19.0349998474121
108605.992724542, 108607.709258792, 19.0349998474121
108608.757879208, 108608.859070833, 0.0
108608.959070125, 108609.04103475, 0.0
growing, 7, false
108610.292505125, 108611.759555542, 9.00500011444092
108611.759555542, 108613.959814167, 17.25
108613.959814167, 108615.77650425, 15.3799991607666
108615.77650425, 108617.876600125, 23.0300006866455
108617.876600125, 108619.143347542, 7.30500030517578
108619.143347542, 108620.560143625, 12.2350006103516
108620.560143625, 108622.510264042, 10.1099996566772
growing, 7, true
108623.67533775, 108624.610423917, 5.26500034332275
108624.610423917, 108625.793716042, 15.125
108625.793716042, 108627.427330167, 14.2750015258789
108627.427330167, 108628.744075958, 21.3299999237061
108628.744075958, 108629.860818208, 6.28499984741211
108629.860818208, 108630.9941665, 12.0650005340576
108630.9941665, 108632.377677042, 6.02999973297119
patterns, 10, true
108633.642714875, 108634.677892208, 14.1900005340576
108634.677892208, 108635.277831, 1.10000038146973
108635.277831, 108637.627912708, 22.1800003051758
108637.627912708, 108638.661007, 18.0999984741211
108638.661007, 108640.261313792, 6.02999973297119
108640.261313792, 108642.161619458, 15.125
108642.161619458, 108644.111331417, 13.0
108644.111331417, 108646.310095292, 18.0149993896484
108647.144988458, 108647.243644792, 0.0
108647.511573417, 108647.610230583, 0.0
strike, 7, false
108648.428365875, 108649.728650125, 18.0149993896484
108649.728650125, 108650.812139958, 19.1200008392334
108650.812139958, 108651.595578, 7.04999923706055
108651.595578, 108652.345573625, 9.17499923706055
108652.345573625, 108652.912244167, 3.30999994277954
108652.912244167, 108657.412393833, 34.0
108652.912244167, 108659.012413875, 29.4900016784668
strike, 6, true
108660.845718833, 108662.746216875, 18.0999984741211
108662.746216875, 108664.662752208, 19.1200008392334
108664.662752208, 108666.863205083, 18.0149993896484
108666.863205083, 108668.529980292, 11.0450000762939
108668.529980292, 108670.130052333, 10.0249996185303
108670.130052333, 108670.930125417, 4.07499980926514
included, 7, false
108672.14650125, 108672.96359825, 7.04999923706055
108672.96359825, 108674.196952417, 13.0
108674.196952417, 108674.930373583, 2.20499992370605
108674.930373583, 108675.8470555, 11.0450000762939
108675.8470555, 108677.563953458, 17.1650009155273
108677.563953458, 108678.330540958, 1.0149998664856
108678.330540958, 108680.114074083, 4.07499980926514
included, 8, false
108681.262470208, 108682.980589875, 8.24000072479248
108682.980589875, 108684.46414025, 13.0
108684.46414025, 108685.564283375, 3.1399998664856
108685.564283375, 108686.630910292, 11.2150001525879
108686.630910292, 108688.731278917, 19.1200008392334
108688.731278917, 108690.664567917, 7.04999923706055
108690.664567917, 108692.631486708, 4.07499980926514
108692.631486708, 108693.431739667, 4.07499980926514
included, 8, true
108694.864679917, 108696.431779458, 8.06999969482422
108696.431779458, 108697.681870958, 12.1499996185303
108697.681870958, 108698.582021083, 3.1399998664856
108698.582021083, 108700.365158458, 11.0450000762939
108700.365158458, 108702.482192042, 19.0349998474121
108702.482192042, 108703.564927125, 2.03499984741211
108703.564927125, 108704.365642042, 2.03499984741211
108704.365642042, 108705.032174375, 1.10000038146973
low, 4, true
108706.330843875, 108707.399138, 10.1099996566772
108707.399138, 108708.915945042, 14.1900005340576
108708.915945042, 108710.532714208, 21.1599998474121
108711.099115458, 108711.214435542, 0.0
louis, 6, true
108712.481197917, 108713.366366458, 10.0249996185303
108713.366366458, 108714.349657208, 14.019998550415
108714.349657208, 108715.883103167, 20.2249984741211
108715.883103167, 108716.833117083, 7.04999923706055
108716.833117083, 108718.1330955, 16.144998550415
108718.732888667, 108718.864949042, 0.0
legal, 5, true
108719.983025458, 108720.933382042, 9.00500011444092
108720.933382042, 108721.633461125, 2.375
108721.633461125, 108722.40024525, 5.00999927520752
108722.40024525, 108723.000071667, 1.0149998664856
108723.000071667, 108724.017004958, 11.1300001144409
