england, 7, false, 0
18421.3431919167, 18421.6093757083, 3.08500003814697, 4.0
18422.0097005417, 18422.5766900833, 13.1499996185303, 4.0
18422.943142625, 18424.8765562083, 11.0050010681152, 4.0
18425.1933390417, 18425.5602022917, 10.3450002670288, 4.0
18425.7933574167, 18425.9600851667, 3.25, 4.0
18426.1764846667, 18427.1101715833, 15.0475006103516, 4.0
18427.4769555417, 18427.7436535833, 3.33249950408936, 4.0
defeated, 8, false, 0
18431.2268268333, 18431.4105105, 4.56999969482422, 3.0
18431.5937856667, 18431.8270610833, 4.32250022888184, 3.0
18432.010484625, 18432.2436719167, 6.38500022888184, 3.0
18432.4770001667, 18432.9940194167, 4.15750026702881, 3.0
18433.2436379167, 18433.460368625, -0.710000038146973, 3.0
18433.8770825, 18434.8440429583, 19.1725006103516, 3.0
18435.177124875, 18435.5108017917, 4.40499973297119, 3.0
18435.9275238333, 18436.2108575833, 5.47749996185303, 3.0
bfg, 0, false, 0
bfg, 75, false, 0
18981.863178375, 18988.2638784167, 20.0799999237061, 4.0
18989.9137317083, 18993.2306556667, 25.4425010681152, 4.0
18996.0638439583, 18999.4309313333, 33.0, 1.0
18996.0638439583, 19000.8810469583, 33.0, 1.0
19008.9814598333, 19010.0316112083, 2.01250028610229, 4.0
19012.1483345417, 19022.6493915, 33.0, 1.0
19012.1483345417, 19025.149484125, 4.07499980926514, 4.0
19027.4827842083, 19028.2663860417, 6.05500030517578, 4.0
19029.6662075, 19034.80011, 14.0574989318848, 4.0
19037.3335472083, 19041.900573375, 17.1925010681152, 4.0
19042.5503925833, 19046.2174315833, -2.9375, 4.0
19046.7006334167, 19047.51737375, 4.07499980926514, 4.0
19048.9009849167, 19049.700685875, 21.3999996185303, 4.0
19051.7509415833, 19077.7193635833, 14.1399993896484, 4.0
19079.9362341667, 19080.1195579583, 33.0, 1.0
19082.018273, 19082.7031956667, -0.875, 4.0
19084.553110625, 19085.5034645417, 6.05500030517578, 4.0
19087.5035947917, 19088.2036599583, 5.23000049591064, 4.0
19089.3536071667, 19089.9871029583, 7.375, 4.0
19096.43724575, 19096.5538862083, 33.0, 1.0
19099.2540205833, 19099.7542474167, -0.957499980926514, 4.0
19100.8210182083, 19101.3545896667, 4.32250022888184, 4.0
19102.1042748333, 19102.6372312083, 7.29250049591064, 4.0
19110.0048453333, 19110.804778375, 5.14750003814697, 4.0
19111.70492925, 19112.2882920417, 6.22000026702881, 4.0
19113.25509425, 19113.7886041667, 8.11750030517578, 4.0
19118.755374375, 19118.8386962917, 33.0, 1.0
19123.3042782917, 19123.705902625, 4.40499973297119, 4.0
19124.2723734167, 19124.5891806667, 9.19000053405762, 4.0
19125.222555375, 19125.72307875, 7.04500007629395, 4.0
19126.6561330417, 19126.7558637917, 33.0, 1.0
19159.6899826667, 19160.0915748333, 2.01250028610229, 4.0
19160.508200125, 19160.8749882083, 2.09500026702881, 4.0
19161.524809125, 19162.05841975, 8.44750022888184, 4.0
19165.0917409583, 19165.1921583333, 33.0, 1.0
19165.908394625, 19166.325495625, 3.16750049591064, 4.0
19166.6585089583, 19167.04214625, 5.23000049591064, 4.0
19167.5088125833, 19167.9252347917, 8.44750022888184, 4.0
19169.4920623333, 19169.758729125, 33.0, 1.0
19172.1756315417, 19174.6092166667, 5.06500053405762, 4.0
19174.9923897917, 19175.259291125, 3.25, 4.0
19175.6590375417, 19175.9260552917, 8.03500080108643, 4.0
19176.90921, 19177.009158375, 33.0, 1.0
19176.90921, 19178.3258702083, 33.0, 1.0
19176.90921, 19178.87608825, 33.0, 1.0
19176.90921, 19180.159593875, 4.15750026702881, 4.0
19180.5259404167, 19180.80943, 3.00250053405762, 4.0
19181.2260694167, 19181.559706375, 2.50750017166138, 4.0
19181.6929154583, 19181.8429265, -1.86500000953674, 4.0
19182.1928385417, 19182.6095569583, 27.2574996948242, 4.0
19183.2929464583, 19183.3595585833, 33.0, 1.0
19183.2929464583, 19184.1596136667, 33.0, 1.0
19183.2929464583, 19184.7763643333, 33.0, 1.0
19183.2929464583, 19185.34320975, 33.0, 1.0
19183.2929464583, 19185.8263982083, 33.0, 1.0
19186.8264209583, 19187.6103715, -0.957499980926514, 4.0
19188.0767620417, 19188.27645425, 33.0, 1.0
19189.1764862917, 19189.5769331667, 8.36499977111816, 4.0
19189.9433618333, 19190.37678175, 33.0, 1.0
19189.9433618333, 19191.4767543333, 4.23999977111816, 4.0
19191.8101137083, 19192.16014475, 7.21000003814697, 4.0
19192.5101705833, 19192.8438522083, 9.19000053405762, 4.0
19193.71028325, 19193.7922619583, -2.85500001907349, 4.0
19194.5103427917, 19194.5770271667, 33.0, 1.0
19195.4602951667, 19195.8105834167, -0.710000038146973, 4.0
19196.27746075, 19196.62737975, 3.00250053405762, 4.0
19196.977399, 19197.3271671667, 10.0150003433228, 4.0
19198.327511625, 19198.42720425, 33.0, 1.0
19203.809598, 19204.1946243333, 1.26999998092651, 4.0
19205.5946579167, 19206.110818625, 5.23000049591064, 4.0
19206.49444425, 19206.9281295, 5.23000049591064, 4.0
19214.6949665833, 19214.76175375, 33.0, 1.0
19217.6284485833, 19218.2785661667, -0.957499980926514, 4.0
19218.762214375, 19219.0286815417, 2.09500026702881, 4.0
19219.562220125, 19219.945583125, 6.05500030517578, 4.0
ylb, 3, false, 1
19223.1125075417, 19224.2622660417, 27.4225006103516, 4.0
19224.795871875, 19225.8458835417, 10.0150003433228, 4.0
19226.2623807917, 19226.8625424583, 3.00250053405762, 4.0
jsg, 3, false, 2
19229.779466875, 19230.362709625, 9.02500057220459, 4.0
19230.946303125, 19232.06285075, 16.0375003814697, 4.0
19232.5963713333, 19233.2464590833, 5.06500053405762, 4.0
dsd, 3, false, 3
19234.829763125, 19237.06307675, 6.05500030517578, 4.0
19238.02998925, 19239.5136946667, 17.2749996185303, 4.0
19240.1635343333, 19241.0138007083, 3.00250053405762, 4.0
nck, 3, false, 4
19242.9470199167, 19243.8468783333, 11.4174995422363, 4.0
19244.4802718333, 19244.9805831667, 2.17750024795532, 4.0
19245.6303676667, 19246.4803533333, 9.02500057220459, 4.0
oue, 3, false, 5
19247.613864625, 19249.1143963333, 16.0375003814697, 4.0
19249.6806910417, 19251.3643482917, 21.0700016021729, 4.0
19251.9641662083, 19252.5974331667, 7.21000003814697, 4.0
hsn, 3, false, 6
19254.31434625, 19254.9309466667, 9.02500057220459, 4.0
19255.464747, 19256.7977100833, 19.0075016021729, 4.0
19257.4312942083, 19258.5314585833, 13.6450004577637, 4.0
xry, 5, false, 7
19259.86464225, 19260.7980302083, 27.0100021362305, 4.0
19261.4647620833, 19263.4817865, 19.3374996185303, 4.0
19264.19835325, 19266.4820275833, 22.2250003814697, 4.0
19266.9652006667, 19268.8655415833, 15.1300010681152, 4.0
19269.315276, 19270.6153677083, 21.0700016021729, 4.0
rmd, 3, false, 8
19271.7656683333, 19273.11539575, 15.1300010681152, 4.0
19273.565712875, 19274.2488826667, 13.2325000762939, 4.0
19274.6157756667, 19275.1491514167, 4.32250022888184, 4.0
liq, 3, false, 9
19276.232406, 19277.0993490833, 9.27250003814697, 4.0
19277.5492981667, 19277.9825800833, 8.03500080108643, 4.0
19278.4493307083, 19279.7825557917, 15.1300010681152, 4.0
ftd, 3, false, 10
19280.8827120417, 19281.5660448333, 4.07499980926514, 4.0
19281.966237875, 19283.4827775833, 16.0375003814697, 4.0
19283.9162779167, 19284.3665435833, 5.06500053405762, 4.0
mlw, 7, false, 11
19285.3998667917, 19286.199701375, 10.0975008010864, 4.0
19286.6331602083, 19287.63355625, 14.0574989318848, 4.0
19288.1667073333, 19289.7833676667, 27.1749992370605, 4.0
19290.2499074583, 19290.88371025, 2.17750024795532, 4.0
19292.3669250833, 19293.0837007917, 11.0050010681152, 4.0
19293.4837337083, 19294.4169661667, 10.0150003433228, 4.0
19294.8003823333, 19296.1001085833, 23.1325016021729, 4.0
mcx, 3, false, 12
19297.733835375, 19298.4507368333, 11.1700000762939, 4.0
19298.867108125, 19299.3170206667, 3.25, 4.0
19299.7341485833, 19300.8840182917, 21.0700016021729, 4.0
fjm, 3, false, 13
19302.0508536667, 19302.6673775, 7.12750053405762, 4.0
19302.8842164583, 19303.8341502917, 6.13749980926514, 4.0
19304.3509936667, 19304.967570875, 11.1700000762939, 4.0
gan, 3, false, 14
19306.1676559583, 19306.8010669583, 5.06500053405762, 4.0
19307.2176755417, 19307.4676455, 1.02250003814697, 4.0
19308.0511621667, 19308.9177955833, 12.1599998474121, 4.0
lqn, 3, false, 15
19310.2513105417, 19311.2513235, 10.2624998092651, 4.0
19311.6847215417, 19313.2183279583, 16.1199989318848, 4.0
19313.5182412917, 19314.3850705, 12.4899997711182, 4.0
tzl, 3, false, 16
19315.43500425, 19317.0852722083, 17.3575000762939, 4.0
19317.5017019583, 19319.2020540417, 24.0399990081787, 4.0
19319.56846575, 19320.2855030417, 8.03500080108643, 4.0
kgh, 3, false, 17
19321.3187370833, 19321.9522555, 11.3350009918213, 4.0
19322.3353535417, 19322.88570275, 5.14750003814697, 4.0
19323.2355422917, 19323.7355257083, 7.04500007629395, 4.0
pbf, 11, false, 18
19324.918857125, 19325.968951625, 13.2325000762939, 4.0
19326.369195625, 19327.6690056667, 8.19999980926514, 4.0
19329.2023955417, 19329.8525205417, 15.2124996185303, 4.0
19330.219155625, 19330.61945975, 1.10500001907349, 4.0
19331.0695018333, 19332.2358973333, 11.0874996185303, 4.0
19333.9196798333, 19334.636191625, 15.0475006103516, 4.0
19334.9863544583, 19335.7198557917, 4.07499980926514, 4.0
19336.1861618333, 19336.9198255833, 7.04500007629395, 4.0
19337.6030953333, 19338.3035260417, 17.1100006103516, 4.0
19338.6700549167, 19338.9699137083, 3.08500003814697, 4.0
19339.386689125, 19339.8200972083, 4.07499980926514, 4.0
bke, 3, false, 19
19341.0536002917, 19341.5365560417, 1.1875, 4.0
19341.9699599583, 19343.0866935833, 10.0975008010864, 4.0
19343.4537090833, 19343.88704275, 5.06500053405762, 4.0
mqs, 3, false, 20
19345.0869165, 19345.8368694167, 10.1800003051758, 4.0
19346.27047075, 19347.6204512083, 15.2950000762939, 4.0
19348.0372723333, 19349.6541210417, 15.0475006103516, 4.0
umy, 3, false, 21
19351.304030125, 19353.020727625, 22.8024997711182, 4.0
19353.3206758333, 19354.1710766667, 12.1599998474121, 4.0
19354.4875724167, 19355.787614, 27.2574996948242, 4.0
cvj, 3, false, 22
19358.2212055417, 19358.5545062917, 5.06500053405762, 4.0
19358.85468875, 19360.2711920833, 21.3999996185303, 4.0
19360.5711142083, 19361.4884311667, 9.19000053405762, 4.0
rim, 3, false, 23
19362.97150575, 19364.4718319167, 15.5424995422363, 4.0
19365.0883590833, 19365.82180825, 9.10750007629395, 4.0
19366.154984625, 19366.938275, 13.0675010681152, 4.0
wtl, 3, false, 24
19368.4218166667, 19369.3384830417, 25.1125011444092, 4.0
19369.5218349167, 19371.3383362083, 17.1100006103516, 4.0
19371.4718678333, 19372.372231875, 11.0874996185303, 4.0
oeb, 3, false, 25
19373.988995625, 19374.588685375, 14.3049983978271, 4.0
19374.7554640833, 19375.4224530417, 3.08500003814697, 4.0
19375.7390239167, 19376.1723754583, 2.01250028610229, 4.0
qci, 6, false, 26
19377.5390045417, 19378.455719125, 15.2124996185303, 4.0
19378.6566193333, 19379.5391682083, 5.06500053405762, 4.0
19379.87245, 19380.672769625, 2.01250028610229, 4.0
19381.4228438333, 19382.056190875, 19.1725006103516, 4.0
19382.4227687083, 19382.75617925, 4.40499973297119, 4.0
19383.1227502083, 19384.1229999167, 10.3450002670288, 4.0
qcg, 3, false, 27
19385.990178375, 19386.7232697083, 15.4600009918213, 4.0
19387.073147875, 19387.4732048333, 3.16750049591064, 4.0
19387.773086, 19388.4735002917, 6.05500030517578, 4.0
fih, 3, false, 28
19389.823401875, 19390.3901782917, 5.06500053405762, 4.0
19390.656618875, 19391.5402437917, 9.02500057220459, 4.0
19391.65653325, 19392.673699625, 7.12750053405762, 4.0
bte, 3, false, 29
19394.1233594583, 19394.606966375, 0.0325002670288086, 4.0
19394.7235736667, 19396.5902079167, 17.0275001525879, 4.0
19396.940217, 19397.573959625, 3.00250053405762, 4.0
gxa, 3, false, 30
19400.0407038333, 19400.5241020833, 6.05500030517578, 4.0
19400.8739085833, 19401.8072089167, 24.5349998474121, 4.0
19402.1739302917, 19402.3741772917, 0.445000171661377, 4.0
vtv, 3, false, 31
19404.3076391667, 19405.1409141667, 23.2150001525879, 4.0
19405.4410069167, 19407.2075928333, 18.1000003814697, 4.0
19407.5910682083, 19408.9245381667, 21.2350006103516, 4.0
fmw, 3, false, 32
19410.591223375, 19411.0581305, 8.19999980926514, 4.0
19411.2245522083, 19412.2413470833, 13.3975009918213, 4.0
19412.37464475, 19413.591372625, 20.2449989318848, 4.0
itv, 3, false, 33
19415.4581999167, 19415.9752507917, 10.5100002288818, 4.0
19416.324822875, 19417.2248945417, 17.1925010681152, 4.0
19417.4750303333, 19419.1417088333, 18.1824989318848, 4.0
ozr, 5, false, 34
19420.8251503333, 19421.7585389583, 13.1499996185303, 4.0
19421.925241625, 19423.125275625, 26.1849994659424, 4.0
19424.3756195, 19426.009194625, 14.2224998474121, 4.0
19426.3589330417, 19427.3093182917, 24.1224994659424, 4.0
19427.6922449167, 19428.3758770417, 16.0375003814697, 4.0
zzo, 3, false, 35
19430.8926928333, 19431.792788125, 27.0925025939941, 4.0
19432.1426174167, 19433.1259380417, 25.1950016021729, 4.0
19433.292728375, 19434.4415312917, 14.0574989318848, 4.0
yuc, 3, false, 36
19435.843003625, 19437.2431732083, 21.1525001525879, 4.0
19437.6430072917, 19438.576404875, 17.0275001525879, 4.0
19438.72646025, 19440.8935655833, 12.0774993896484, 4.0
dur, 6, false, 37
19442.7932363333, 19445.4603629167, 9.02500057220459, 4.0
19445.560082625, 19446.3588544167, 20.1625003814697, 4.0
19447.6271189583, 19448.5605191667, 4.07499980926514, 4.0
19449.4772284167, 19449.960637375, 4.07499980926514, 4.0
19450.2939892083, 19451.6774434167, 19.2550010681152, 4.0
19451.9605349583, 19453.1105844583, 15.2124996185303, 4.0
vmu, 3, false, 38
19454.9774849167, 19456.344269375, 19.0075016021729, 4.0
19456.627481375, 19457.3776024583, 14.1399993896484, 4.0
19457.6608010833, 19458.8598029167, 18.1000003814697, 4.0
ver, 8, false, 39
19460.6779995417, 19461.9114553333, 19.1725006103516, 4.0
19462.244538625, 19463.3781962083, 11.0874996185303, 4.0
19463.978150375, 19464.8449203333, 20.2449989318848, 4.0
19465.161515125, 19465.8116483333, 8.11750030517578, 4.0
19465.9948409167, 19466.0947546667, -5.0, 4.0
19466.6950006667, 19467.628461375, 18.0174999237061, 4.0
19467.9449795833, 19468.5950443333, 4.15750026702881, 4.0
19468.9116525, 19470.0604160833, 15.1300010681152, 4.0
byp, 3, false, 40
19471.7786658333, 19472.4285229583, 2.01250028610229, 4.0
19472.8454377917, 19475.562325125, 24.0399990081787, 4.0
19475.862015125, 19477.3122077083, 15.4600009918213, 4.0
ynt, 3, false, 41
19478.912359375, 19479.8124761667, 22.2250003814697, 4.0
19480.162569875, 19480.929103375, 12.1599998474121, 4.0
19481.24572875, 19482.462496125, 20.1625003814697, 4.0
gxc, 8, false, 42
19483.996095625, 19484.5129206667, 5.14750003814697, 4.0
19484.72941, 19486.2128417083, 21.0700016021729, 4.0
19486.5461010417, 19487.6630112083, 7.04500007629395, 4.0
19487.72948275, 19488.9296262917, 13.0675010681152, 4.0
19490.0966180833, 19492.1972572917, 15.1300010681152, 4.0
19493.0800472083, 19493.8134675833, 6.13749980926514, 4.0
19494.163475375, 19495.2637680417, 22.0599994659424, 4.0
19495.5466475833, 19495.9967265, 4.32250022888184, 4.0
xia, 3, false, 43
19498.0302764583, 19499.0635704583, 21.3175010681152, 4.0
19499.3803124583, 19500.26418325, 9.10750007629395, 4.0
19500.3971615, 19501.4639278333, 4.15750026702881, 4.0
wbz, 3, false, 44
19503.0473559167, 19504.1306706667, 21.2350006103516, 4.0
19504.4640547083, 19506.9143964583, 13.0675010681152, 4.0
19507.147483125, 19508.7810605417, 25.1125011444092, 4.0
lud, 3, false, 45
19510.297926375, 19511.1312016667, 12.2424983978271, 4.0
19511.4146600417, 19512.431278, 19.0900001525879, 4.0
19512.7310929583, 19513.214791125, 2.09500026702881, 4.0
jyj, 3, false, 46
19514.5313758333, 19515.39828075, 8.11750030517578, 4.0
19515.6980385, 19518.848281125, 27.1749992370605, 4.0
19518.9817757917, 19519.8982943333, 9.02500057220459, 4.0
rsj, 3, false, 47
19521.4485549167, 19522.6985670417, 15.1300010681152, 4.0
19522.8984317083, 19524.9156988333, 19.0900001525879, 4.0
19525.1985573333, 19527.0487612917, 18.3474998474121, 4.0
hau, 11, false, 48
19529.3823722917, 19530.082542625, 9.02500057220459, 4.0
19530.349133, 19530.8326505833, 2.01250028610229, 4.0
19531.09909325, 19532.9661782917, 20.0799999237061, 4.0
19533.1991711667, 19533.949303375, 4.23999977111816, 4.0
19534.182609, 19534.4494932917, -0.710000038146973, 4.0
19535.3493945417, 19535.766089, 33.0, 1.0
19536.9326872083, 19537.7494860417, 6.46749973297119, 4.0
19537.9661825, 19538.6997739167, 3.00250053405762, 4.0
19539.4162774583, 19540.2499227083, 11.2525005340576, 4.0
19540.5497395, 19540.916427375, 1.1875, 4.0
19541.2330047917, 19542.6165087083, 17.0275001525879, 4.0
qtj, 10, false, 49
19544.3998743333, 19546.28364075, 20.4924983978271, 4.0
19546.5500203333, 19548.0502675, 18.1824989318848, 4.0
19548.2168640417, 19549.0831991667, 11.1700000762939, 4.0
19550.8337709167, 19551.7838450417, 18.2649993896484, 4.0
19552.0505015833, 19553.4173217917, 17.0275001525879, 4.0
19553.7676920833, 19554.4506028333, 10.0975008010864, 4.0
19554.700675875, 19556.350562375, -2.77249979972839, 4.0
19559.1341880833, 19559.8509335, 18.0174999237061, 4.0
19560.5509251667, 19562.234821125, 18.0174999237061, 4.0
19562.5678715833, 19563.3179775833, 10.2624998092651, 4.0
wns, 3, false, 50
19565.3354804583, 19566.3013507083, 20.1625003814697, 4.0
19566.6179334583, 19567.3850570417, 14.0574989318848, 4.0
19567.5852847083, 19569.1181005417, 16.1199989318848, 4.0
wxh, 3, false, 51
19572.5852329583, 19573.4519097083, 20.1625003814697, 4.0
19573.61845375, 19574.81874925, 22.0599994659424, 4.0
19575.118933625, 19575.7857757917, 6.22000026702881, 4.0
spa, 5, false, 52
19577.1688766667, 19578.819079625, 17.5225009918213, 4.0
19579.3186099583, 19580.6189597083, 17.0275001525879, 4.0
19581.5526499167, 19583.0026854167, 18.1000003814697, 4.0
19583.3025250833, 19584.102741125, 15.2124996185303, 4.0
19584.4194487083, 19584.7361137917, 2.17750024795532, 4.0
vdo, 3, false, 53
19586.1195906667, 19587.236105, 21.6475009918213, 4.0
19587.569364125, 19588.236021, 4.07499980926514, 4.0
19588.5196041667, 19590.2028544583, 19.0075016021729, 4.0
ibk, 3, false, 54
19591.903596125, 19592.869809625, 8.11750030517578, 4.0
19593.170112625, 19594.103478375, 4.07499980926514, 4.0
19594.4535436667, 19595.3865385417, 9.02500057220459, 4.0
vgn, 3, false, 55
19596.9868557917, 19598.0200857917, 19.0075016021729, 4.0
19598.303799125, 19599.6701525833, 10.0975008010864, 4.0
19600.0038570833, 19600.8369360833, 11.1700000762939, 4.0
ehj, 3, false, 56
19602.1872098333, 19603.0039210417, 3.00250053405762, 4.0
19603.3873239583, 19604.3374875833, 11.0050010681152, 4.0
19604.9707165, 19606.1043420833, 8.03500080108643, 4.0
ckp, 3, false, 57
19607.5041848333, 19607.9043257917, 2.17750024795532, 4.0
19608.2374375, 19609.52126575, 8.03500080108643, 4.0
19609.8043292083, 19610.87102, 14.2224998474121, 4.0
qla, 3, false, 58
19612.4878584167, 19613.5377817917, 16.1199989318848, 4.0
19613.8045845833, 19614.7048285417, 9.02500057220459, 4.0
19614.9878655833, 19615.354691125, 2.17750024795532, 4.0
yfx, 6, false, 59
19616.8881767083, 19618.6548468333, 21.2350006103516, 4.0
19618.8547603333, 19620.038179625, 32.8349990844727, 1.0
19620.754832125, 19622.9216779583, 24.3699989318848, 4.0
19623.7382989167, 19624.45546025, 23.1325016021729, 4.0
19624.972005125, 19626.8223212917, 15.0475006103516, 4.0
19627.0887349167, 19629.0387786667, 20.2449989318848, 4.0
ekz, 3, false, 60
19630.7889014583, 19631.239119, 6.05500030517578, 4.0
19631.4889098333, 19632.305904375, 9.27250003814697, 4.0
19632.6389599583, 19633.58905525, 27.0100021362305, 4.0
oir, 3, false, 61
19635.1726910833, 19637.0726109583, 15.4600009918213, 4.0
19637.3727586667, 19638.4058560417, 11.3350009918213, 4.0
19638.5724478333, 19640.1561601667, 15.2124996185303, 4.0
wlx, 3, false, 62
19641.6399575833, 19643.9898535417, 20.3274993896484, 4.0
19644.1732209167, 19645.3065641667, 10.1800003051758, 4.0
19645.523397125, 19648.4238127917, 24.2049999237061, 4.0
awd, 3, false, 63
19649.7736456667, 19650.1570188333, 1.02250003814697, 4.0
19650.4735402083, 19651.8237682917, 20.1625003814697, 4.0
19652.1068733333, 19652.8572754167, 4.15750026702881, 4.0
kge, 3, false, 64
19654.0405143333, 19654.8241326667, 10.2624998092651, 4.0
19655.1240843333, 19655.890816125, 6.13749980926514, 4.0
19656.1739029167, 19656.9408525417, 4.23999977111816, 4.0
fok, 3, false, 65
19658.4741092917, 19659.1074805, 5.06500053405762, 4.0
19659.5411107917, 19660.474170375, 12.0774993896484, 4.0
19660.8244694167, 19661.8575834583, 8.11750030517578, 4.0
cvh, 3, false, 66
19663.1578706667, 19663.5255138333, 3.08500003814697, 4.0
19663.8745198333, 19664.9908762083, 20.1625003814697, 4.0
19665.274465125, 19665.95823025, 7.04500007629395, 4.0
nad, 3, false, 67
19667.2082127917, 19667.9580606667, 13.4799995422363, 4.0
19668.22477425, 19668.624782125, 3.16750049591064, 4.0
19668.9913117083, 19669.608166875, 5.23000049591064, 4.0
nqt, 3, false, 68
19670.7750377917, 19671.7084654167, 11.0050010681152, 4.0
19672.0748851667, 19673.1418869167, 13.1499996185303, 4.0
19673.308388125, 19675.0906417917, 17.1925010681152, 4.0
oup, 3, false, 69
19676.3754452083, 19677.8087051667, 14.0574989318848, 4.0
19678.0754565833, 19679.9924651667, 18.0174999237061, 4.0
19680.35894275, 19681.1088546667, 15.1300010681152, 4.0
puq, 3, false, 70
19682.2422400833, 19683.0258593333, 16.1199989318848, 4.0
19683.3089717083, 19685.2758915833, 19.0075016021729, 4.0
19685.3924287917, 19686.2925631667, 15.0475006103516, 4.0
rpw, 4, false, 71
19687.5095355833, 19689.1093707917, 22.3899993896484, 4.0
19691.02615375, 19691.693198125, 18.5124988555908, 4.0
19691.992900375, 19693.1931152917, 15.0475006103516, 4.0
19693.526594625, 19694.593166, 22.2250003814697, 4.0
fxz, 4, false, 72
19695.809833375, 19696.859895875, 8.28250026702881, 4.0
19697.6266937083, 19698.6102942917, 9.02500057220459, 4.0
19699.227027875, 19701.1770898333, 21.0700016021729, 4.0
19701.4936090417, 19702.5602457083, 25.0300006866455, 4.0
hez, 3, false, 73
19703.6939830833, 19704.560771625, 8.03500080108643, 4.0
19704.8105469583, 19706.27725475, 9.19000053405762, 4.0
19706.6105619167, 19707.59433875, 23.0500011444092, 4.0
pzp, 3, false, 74
19708.777408375, 19709.7775452917, 16.2024993896484, 4.0
19710.0608324167, 19711.56089325, 23.1325016021729, 4.0
19711.8775335417, 19712.4777159167, 16.2024993896484, 4.0
shs, 3, false, 75
19713.7445864167, 19715.6280975417, 17.1100006103516, 4.0
19715.927839375, 19717.3612532083, 14.3049983978271, 4.0
19717.5112520833, 19718.6268297917, 17.0275001525879, 4.0
kya, 3, false, 76
19719.7614502083, 19720.37809725, 9.02500057220459, 4.0
19720.728345625, 19722.395265875, 22.0599994659424, 4.0
19722.7116351667, 19723.8451590417, 5.39499950408936, 4.0
oij, 3, false, 77
19725.0783483333, 19725.9618100417, 13.0675010681152, 4.0
19726.32856775, 19727.5287387917, 13.0675010681152, 4.0
19727.8453918333, 19728.5453449167, 9.10750007629395, 4.0
php, 3, false, 0
19755.4806767917, 19756.8471625417, 17.1100006103516, 3.0
19757.1471819167, 19758.2472570417, 8.28250026702881, 3.0
19758.5805814167, 19759.897674125, 16.1199989318848, 3.0
sit, 3, false, 1
19763.1309757917, 19763.8647223333, 19.3374996185303, 3.0
19764.2812212917, 19765.631361875, 11.4174995422363, 3.0
19765.897842625, 19767.414867375, 20.0799999237061, 3.0
aut, 3, false, 2
19769.0815245833, 19769.3980426667, 1.02250003814697, 3.0
19769.8980247917, 19771.514837375, 22.4724998474121, 3.0
19771.748208875, 19773.7979572917, 18.2649993896484, 3.0
zsy, 3, false, 3
19775.3150709167, 19776.6818946667, 23.1325016021729, 3.0
19776.8820095833, 19779.115785375, 22.3899993896484, 3.0
19779.4323037083, 19781.2491573333, 24.1224994659424, 3.0
rwi, 10, false, 4
19783.4157664167, 19785.116059125, 27.4225006103516, 3.0
19785.3325496667, 19787.4988601667, 21.2350006103516, 3.0
19788.0991639583, 19788.6327985, 0.0325002670288086, 3.0
19798.366625625, 19800.2500074167, 26.0200004577637, 3.0
19800.433322375, 19804.6169597083, 27.0925025939941, 3.0
19804.9504148333, 19806.8842283333, 21.0700016021729, 3.0
19821.78475475, 19822.5348854167, 20.1625003814697, 3.0
19825.7020234167, 19826.4854644583, 18.0174999237061, 3.0
19826.9352827917, 19828.06883775, 22.3899993896484, 3.0
19828.58525275, 19829.41882475, 9.10750007629395, 3.0
oaj, 3, false, 5
19831.4354335, 19832.5190575833, 14.0574989318848, 3.0
19832.885439375, 19833.469133, -0.957499980926514, 3.0
19833.9355736667, 19834.6858585417, 8.03500080108643, 3.0
tlz, 3, false, 6
19836.852552875, 19837.8527211667, 20.0799999237061, 3.0
19838.2024615417, 19839.3030015, 10.1800003051758, 3.0
19839.61920525, 19841.3526752083, 23.0500011444092, 3.0
xks, 3, false, 7
19843.01959325, 19844.53638875, 24.1224994659424, 3.0
19844.9198900417, 19845.7030103333, 9.02500057220459, 3.0
19846.0365528333, 19847.2352989583, 18.1000003814697, 3.0
thw, 7, false, 8
19849.2200016667, 19850.5703304583, 18.0174999237061, 3.0
19850.9202563333, 19852.1201481667, 9.02500057220459, 3.0
19853.086923125, 19854.3357721667, 20.3274993896484, 3.0
19855.8204148333, 19856.8191029583, 20.2449989318848, 3.0
19857.4872109583, 19858.5207727917, 22.4724998474121, 3.0
19858.87053075, 19859.5709018333, 6.05500030517578, 3.0
19859.8539095417, 19861.504114125, 20.0799999237061, 3.0
tra, 7, false, 9
19862.904395, 19864.17093875, 19.0075016021729, 3.0
19864.454380125, 19866.3210197917, 16.0375003814697, 3.0
19866.420954625, 19867.938050125, 5.14750003814697, 3.0
19868.85457975, 19868.9545590417, 33.0, 1.0
19869.904470625, 19871.6714302083, 18.4299983978271, 3.0
19871.97146275, 19873.7549634167, 17.1925010681152, 3.0
19873.9554377083, 19874.4713790833, -0.875, 3.0
eui, 3, false, 10
19875.9885875417, 19876.6720060417, 3.08500003814697, 3.0
19877.0052707083, 19878.7219532917, 19.1725006103516, 3.0
19879.2219164167, 19880.9389077083, 9.02500057220459, 3.0
hvn, 5, false, 11
19885.30585525, 19886.272612125, 8.11750030517578, 3.0
19886.6723134583, 19888.222766375, 20.2449989318848, 3.0
19889.2728409583, 19890.0059895417, 7.29250049591064, 3.0
19890.3058727083, 19891.4230071667, 20.0799999237061, 3.0
19891.889394625, 19893.3394953333, 11.0050010681152, 3.0
gnf, 3, false, 12
19896.6733281667, 19897.6063880417, 5.14750003814697, 3.0
19898.2397990417, 19899.3567192083, 13.0675010681152, 3.0
19899.7067875833, 19900.3565488333, 4.15750026702881, 3.0
lpf, 3, false, 13
19901.756742875, 19902.6570089167, 9.10750007629395, 3.0
19903.0067962083, 19904.3403812083, 14.0574989318848, 3.0
19904.6568390417, 19905.357173875, 6.05500030517578, 3.0
bjr, 3, false, 14
19906.7404582083, 19908.0740135833, 4.15750026702881, 3.0
19908.62408325, 19909.5072271667, 9.02500057220459, 3.0
19909.82382875, 19911.956076125, 17.2749996185303, 3.0
eem, 3, false, 15
19913.6075059583, 19914.4911277083, 5.14750003814697, 3.0
19914.8075709583, 19915.707828625, 3.08500003814697, 3.0
19916.14104575, 19917.1576714583, 10.1800003051758, 3.0
msu, 3, false, 16
19918.3913799167, 19919.4580203333, 11.0874996185303, 3.0
19919.7579257083, 19921.0247377917, 18.0174999237061, 3.0
19921.391317875, 19922.957951375, 21.2350006103516, 3.0
vak, 3, false, 17
19924.2083819167, 19926.2586617083, 20.4924983978271, 3.0
19926.5418395, 19926.9918273333, 2.01250028610229, 3.0
19927.3083971667, 19928.0754457917, 9.02500057220459, 3.0
jdc, 3, false, 18
19929.2421447083, 19930.2255979167, 8.36499977111816, 3.0
19930.542053875, 19931.4089403333, 3.00250053405762, 3.0
19931.7085765, 19932.8924294167, 5.06500053405762, 3.0
lhn, 3, false, 19
19934.1590550417, 19935.5091650833, 12.3249988555908, 3.0
19935.825814875, 19936.825803625, 6.13749980926514, 3.0
19937.1589979167, 19938.1590210417, 11.0874996185303, 3.0
vxg, 3, false, 20
19939.7927643333, 19941.2095939167, 20.0799999237061, 3.0
19941.5093217083, 19942.4926899583, 21.0700016021729, 3.0
19942.8432553333, 19943.4430179583, 6.13749980926514, 3.0
mjz, 8, false, 21
19945.176317, 19946.2599180417, 11.0050010681152, 3.0
19946.7599296667, 19947.7100104583, 7.04500007629395, 3.0
19948.026324625, 19948.6927252917, 27.4225006103516, 3.0
19948.8259717917, 19949.059580625, 2.01250028610229, 3.0
19949.1930960417, 19949.4465444167, -2.69000005722046, 3.0
19951.4265070417, 19952.193617875, 12.0774993896484, 3.0
19952.5768145, 19953.2766966667, 7.21000003814697, 3.0
19953.626771, 19955.11020025, 25.4425010681152, 3.0
bus, 3, false, 22
19958.02722875, 19958.3772852917, 3.08500003814697, 3.0
19958.793953375, 19960.4104750833, 18.3474998474121, 3.0
19960.8274815, 19962.792657875, 19.1725006103516, 3.0
gad, 5, false, 23
19965.327591125, 19965.9610481667, 5.06500053405762, 3.0
19966.2777897083, 19969.4280654167, 11.0874996185303, 3.0
19970.2113807917, 19970.9281320833, 6.05500030517578, 3.0
19971.2113342083, 19971.5610881667, 0.0325002670288086, 3.0
19971.8944701667, 19972.56137825, 2.01250028610229, 3.0
zlj, 3, false, 24
19974.4615992083, 19975.6455958333, 26.5149993896484, 3.0
19975.961555125, 19976.9452108333, 11.2525005340576, 3.0
19977.3451505833, 19978.0953698333, 9.02500057220459, 3.0
npy, 4, false, 25
19979.81202225, 19981.0118582083, 15.2950000762939, 3.0
19982.0454957917, 19982.7456925, 12.1599998474121, 3.0
19983.06195575, 19984.0956156667, 15.1300010681152, 3.0
19984.3954943333, 19986.744433, 22.4724998474121, 3.0
fsu, 3, false, 26
19988.6292448333, 19989.1460020833, 4.23999977111816, 3.0
19989.44601625, 19991.3795769583, 16.0375003814697, 3.0
19991.7459067083, 19993.3960173333, 19.0075016021729, 3.0
ymi, 6, false, 27
19995.046430125, 19997.463447375, 22.0599994659424, 3.0
19997.7629244167, 19998.7630968333, 10.0150003433228, 3.0
19999.0965412083, 20002.7955725417, 18.1000003814697, 3.0
20003.9303042917, 20005.297018875, 24.1224994659424, 3.0
20005.6138612917, 20006.4468634167, 11.0050010681152, 3.0
20006.7136249167, 20007.36394075, 9.02500057220459, 3.0
mwd, 3, false, 28
20008.94727075, 20009.7303534583, 11.1700000762939, 3.0
20010.1138495417, 20011.7135858333, 21.0700016021729, 3.0
20012.0468880417, 20013.2469884583, 5.06500053405762, 3.0
sco, 6, false, 29
20015.3974035833, 20016.7643468333, 18.1824989318848, 3.0
20017.0138820833, 20017.7477990833, 1.02250003814697, 3.0
20018.1140390833, 20020.3308570833, 19.0075016021729, 3.0
20021.981166, 20023.681589875, 16.2024993896484, 3.0
20023.9648300833, 20024.44803375, 2.01250028610229, 3.0
20024.798167875, 20025.4481351667, 14.0574989318848, 3.0
cwx, 3, false, 30
20026.8982908333, 20027.3816486667, 0.0325002670288086, 3.0
20027.9317674583, 20029.4320080417, 22.1424999237061, 3.0
20029.7484245417, 20031.6984150833, 24.6174983978271, 3.0
bdj, 3, false, 31
20033.2322071667, 20033.6321174583, 2.09500026702881, 3.0
20033.9319919583, 20034.3655884583, 2.09500026702881, 3.0
20034.6987090833, 20035.932589125, 8.03500080108643, 3.0
tyq, 5, false, 32
20037.3157700417, 20038.649198875, 19.2550010681152, 3.0
20038.8656612917, 20041.116033, 24.0399990081787, 3.0
20042.9493104167, 20045.1162807083, 19.0900001525879, 3.0
20045.4160391667, 20046.7161589583, 22.1424999237061, 3.0
20047.1841613333, 20048.233257125, 14.2224998474121, 3.0
gcd, 4, false, 33
20049.749940625, 20051.3832335, 11.0050010681152, 3.0
20051.799954, 20052.2998620417, 6.05500030517578, 3.0
20052.6499676667, 20053.2500885, 3.08500003814697, 3.0
20053.6500609167, 20054.3334674583, 3.00250053405762, 3.0
zqe, 6, false, 34
20055.7837922083, 20056.750456, 25.0300006866455, 3.0
20056.9338132083, 20058.650904375, 15.0475006103516, 3.0
20058.983849625, 20059.6841198333, 3.08500003814697, 3.0
20061.3173283333, 20062.0339987083, 26.1024990081787, 3.0
20062.3174384167, 20063.400606, 15.2124996185303, 3.0
20063.7173566667, 20064.2843026667, 4.23999977111816, 3.0
vix, 3, false, 35
20065.6346768333, 20066.88449925, 19.0075016021729, 3.0
20067.18418225, 20068.2175742083, 10.1800003051758, 3.0
20068.5175877917, 20070.15106525, 23.1325016021729, 3.0
eah, 3, false, 36
20071.8011787917, 20072.918083875, 5.23000049591064, 3.0
20073.3015444583, 20073.7180654583, 0.197499752044678, 3.0
20074.117946875, 20075.0347018333, 7.29250049591064, 3.0
gyv, 3, false, 37
20076.4015364583, 20077.10174325, 4.07499980926514, 3.0
20077.5185313333, 20079.5354057083, 22.2250003814697, 3.0
20079.8516565833, 20081.21852575, 21.1525001525879, 3.0
haq, 3, false, 38
20082.6687805417, 20083.4190685, 6.05500030517578, 3.0
20083.6686155833, 20084.3687348333, 1.02250003814697, 3.0
20085.0521238333, 20085.9188229167, 16.0375003814697, 3.0
uzj, 3, false, 39
20087.8358248333, 20088.8859522917, 20.0799999237061, 3.0
20089.1859554583, 20090.6191375833, 25.1950016021729, 3.0
20090.735824875, 20091.8024704167, 7.04500007629395, 3.0
dwo, 3, false, 40
20093.5194785, 20094.6528738333, 2.09500026702881, 3.0
20095.0860836667, 20095.8704428333, 22.0599994659424, 3.0
20096.3695109583, 20098.019583625, 15.1300010681152, 3.0
rqm, 3, false, 41
20099.71989625, 20100.9534825, 16.0375003814697, 3.0
20101.286440875, 20102.5201822917, 16.0375003814697, 3.0
20102.8535917083, 20103.9536654583, 11.0050010681152, 3.0
xyc, 3, false, 42
20105.53686675, 20106.553787375, 22.0599994659424, 3.0
20106.9205019583, 20108.0535634167, 22.0599994659424, 3.0
20108.37052275, 20109.0206703333, 3.08500003814697, 3.0
icr, 3, false, 43
20110.5206760417, 20111.15456475, 9.02500057220459, 3.0
20111.470377375, 20112.170753875, 3.08500003814697, 3.0
20112.5539908333, 20114.0041045833, 15.1300010681152, 3.0
ztx, 3, false, 44
20115.920887875, 20117.3542945417, 23.0500011444092, 3.0
20117.6543043333, 20118.921137875, 17.1925010681152, 3.0
20119.2209064167, 20120.6545441667, 22.1424999237061, 3.0
ueg, 7, false, 45
20122.3883050417, 20123.4212803333, 19.1725006103516, 3.0
20123.788015625, 20124.4382546667, 4.07499980926514, 3.0
20124.7880429583, 20127.00475325, 20.0799999237061, 3.0
20128.0548755833, 20128.1715854167, 33.0, 1.0
20129.938320375, 20130.9219843333, 20.3274993896484, 3.0
20131.3053756667, 20131.9220072083, 7.04500007629395, 3.0
20132.2717984167, 20132.9888133333, 6.05500030517578, 3.0
hnq, 4, false, 46
20134.5221029167, 20135.4889064167, 9.02500057220459, 3.0
20135.955449125, 20136.65578125, 5.14750003814697, 3.0
20137.022225625, 20137.9224293333, 12.1599998474121, 3.0
20138.2056575833, 20139.48894825, 14.0574989318848, 3.0
knk, 3, false, 47
20141.1058825833, 20141.9557899583, 9.02500057220459, 3.0
20142.2725432083, 20143.2228617917, 13.1499996185303, 3.0
20143.5727377083, 20145.9060140833, 14.1399993896484, 3.0
lbp, 3, false, 48
20148.756175625, 20149.4564298333, 12.2424983978271, 3.0
20149.7729685833, 20150.5399067083, 2.01250028610229, 3.0
20150.8730508333, 20151.9231649583, 15.0475006103516, 3.0
spi, 3, false, 49
20156.74014575, 20157.923849125, 16.2849998474121, 3.0
20158.2403289167, 20159.5570283333, 15.3775005340576, 3.0
20159.7237375417, 20160.5569928333, 7.04500007629395, 3.0
lli, 3, false, 50
20162.107340375, 20162.8907610833, 12.0774993896484, 3.0
20163.223895625, 20164.207567625, 12.1599998474121, 3.0
20164.5074060417, 20165.5063452083, 11.3350009918213, 3.0
mex, 3, false, 51
20167.424349, 20168.324340625, 10.0975008010864, 3.0
20168.657506, 20169.557899625, 2.01250028610229, 3.0
20170.1577806667, 20171.2744603333, 23.1325016021729, 3.0
fnj, 4, false, 52
20172.9914225417, 20175.0079311667, 11.0050010681152, 3.0
20175.808254375, 20176.2914004583, 6.38500022888184, 3.0
20176.6083579583, 20177.3917295417, 12.0774993896484, 3.0
20177.7248446667, 20178.3748845, 9.02500057220459, 3.0
bou, 3, false, 53
20180.2584664167, 20180.7752434167, 1.1875, 3.0
20181.1585994583, 20182.2584339167, 12.0774993896484, 3.0
20182.52525925, 20183.940653125, 20.1625003814697, 3.0
pfn, 3, false, 54
20185.9254469583, 20186.7758230833, 14.3049983978271, 3.0
20187.0921705, 20187.875782, 6.13749980926514, 3.0
20188.0921611667, 20189.176203375, 12.0774993896484, 3.0
opd, 3, false, 55
20192.4259402917, 20193.409488375, 20.6574993133545, 3.0
20193.7094867083, 20194.4101097083, 13.2325000762939, 3.0
20194.7425590833, 20195.2928621667, 3.00250053405762, 3.0
oqr, 3, false, 56
20197.209481625, 20198.0094973333, 12.0774993896484, 3.0
20198.409750125, 20199.360341625, 14.0574989318848, 3.0
20199.6762600833, 20201.777389875, 15.0475006103516, 3.0
bro, 3, false, 57
20203.4100372083, 20203.81004925, 2.25999975204468, 3.0
20204.1268064583, 20205.8099599167, 16.1199989318848, 3.0
20205.9602494167, 20207.2421095, 15.3775005340576, 3.0
glo, 5, false, 58
20208.7104248333, 20209.1938886667, 7.375, 3.0
20209.443845875, 20211.2939767083, 14.1399993896484, 3.0
20212.2771609167, 20212.9607345, 6.13749980926514, 3.0
20213.1935474167, 20213.9442074583, 9.19000053405762, 3.0
20214.1940738333, 20215.1096765833, 14.2224998474121, 3.0
sqa, 3, false, 59
20216.6607421667, 20217.9777354167, 17.1100006103516, 3.0
20218.294305875, 20219.9943675, 14.1399993896484, 3.0
20220.24430925, 20220.6610440417, 0.0325002670288086, 3.0
ohk, 3, false, 60
20221.9780080833, 20222.627905125, 13.0675010681152, 3.0
20222.811363375, 20223.761135875, 6.13749980926514, 3.0
20224.0611378333, 20224.8099685, 9.02500057220459, 3.0
btc, 3, false, 61
20229.445030125, 20229.8117451667, -0.957499980926514, 3.0
20230.3951137917, 20231.3786292917, 20.0799999237061, 3.0
20231.4616977917, 20232.228678375, 1.10500001907349, 3.0
ubw, 3, false, 62
20233.6620575, 20235.278895625, 20.0799999237061, 3.0
20235.578925625, 20236.1121288333, 0.0325002670288086, 3.0
20236.4288429167, 20237.91114275, 21.0700016021729, 3.0
vfc, 6, false, 63
20241.445875125, 20242.6126725417, 21.2350006103516, 3.0
20242.9291068333, 20243.5791586667, 5.06500053405762, 3.0
20243.8959754167, 20245.5628489583, 6.13749980926514, 3.0
20247.4462466667, 20248.2963579167, 21.0700016021729, 3.0
20248.56286675, 20249.2297985833, 4.15750026702881, 3.0
20249.5962810833, 20250.079578625, 3.00250053405762, 3.0
qac, 3, false, 64
20251.863225375, 20253.329834, 16.2849998474121, 3.0
20253.963178125, 20254.2467454167, 2.17750024795532, 3.0
20254.580009875, 20254.946534375, 3.08500003814697, 3.0
vjr, 3, false, 65
20256.3801110833, 20257.2802957917, 21.0700016021729, 3.0
20257.5468086667, 20258.563551875, 7.04500007629395, 3.0
20258.89688825, 20260.512258625, 16.0375003814697, 3.0
piy, 4, false, 66
20262.0473233333, 20263.0146924583, 15.0475006103516, 3.0
20263.2638680833, 20264.5141594167, 16.2024993896484, 3.0
20264.98044275, 20266.313955, 7.04500007629395, 3.0
20266.4973667083, 20268.0974449167, 22.2250003814697, 3.0
bkz, 3, false, 67
20270.11430925, 20270.44787225, 1.10500001907349, 3.0
20270.79767775, 20271.8143075833, 9.10750007629395, 3.0
20272.1145622083, 20272.997808625, 23.0500011444092, 3.0
kkw, 3, false, 68
20274.63128675, 20275.298185875, 9.10750007629395, 3.0
20275.5979030833, 20276.348333125, 9.02500057220459, 3.0
20276.5980428333, 20278.0482256667, 21.3999996185303, 3.0
kfq, 3, false, 69
20279.4318054583, 20280.2317419583, 10.1800003051758, 3.0
20280.4648913333, 20281.11493625, 3.08500003814697, 3.0
20281.43164475, 20282.8138221667, 15.1300010681152, 3.0
ryy, 3, false, 70
20284.3486869583, 20285.8489629583, 16.0375003814697, 3.0
20286.0986304583, 20288.3323136667, 23.1325016021729, 3.0
20288.5153663333, 20289.2488212083, 23.1325016021729, 3.0
fvf, 3, false, 71
20290.6322875, 20291.1821930833, 3.00250053405762, 3.0
20291.4491925833, 20293.1322189583, 19.0075016021729, 3.0
20293.2157192083, 20293.81591125, 4.07499980926514, 3.0
hld, 3, false, 72
20295.1492533333, 20295.93282175, 8.11750030517578, 3.0
20296.2160594167, 20297.199293125, 9.02500057220459, 3.0
20297.4661375, 20297.8830354583, 2.17750024795532, 3.0
eez, 3, false, 73
20299.616201375, 20299.983106375, 3.00250053405762, 3.0
20300.3829179167, 20300.9831479167, 3.16750049591064, 3.0
20301.7329805833, 20302.7652014583, 23.0500011444092, 3.0
mwg, 3, false, 74
20304.3498295, 20305.1335128333, 11.0050010681152, 3.0
20305.3999163333, 20306.6001958333, 21.3999996185303, 3.0
20306.91661025, 20307.666598125, 7.04500007629395, 3.0
txd, 3, false, 75
20309.0502637917, 20310.2501412083, 18.0174999237061, 3.0
20310.633768375, 20311.9502400417, 21.0700016021729, 3.0
20312.2502114583, 20312.6839695, 3.00250053405762, 3.0
gvw, 3, false, 76
20314.1673662917, 20314.717344375, 5.06500053405762, 3.0
20315.000665125, 20316.3672166667, 19.0075016021729, 3.0
20316.7006340833, 20317.9827125, 21.2350006103516, 3.0
mxn, 6, false, 77
20319.5509705833, 20320.6844823333, 13.4799995422363, 3.0
20321.03448125, 20321.8677137917, 12.2424983978271, 3.0
20322.0842648333, 20322.8177100833, 3.00250053405762, 3.0
20323.7847824167, 20324.3348344167, 13.3150005340576, 3.0
20324.634725875, 20326.1849417083, 25.1125011444092, 3.0
20326.5179425833, 20327.46669525, 13.1499996185303, 3.0
